0 0 0
3.97195e-05 0.000192658 -4.78132e-16
7.94304e-05 0.000385275 -2.39066e-15
0.000119128 0.000577828 1.59377e-14
0.000158808 0.000770292 -3.82506e-15
0.000198478 0.00096271 1.80096e-14
0.000297649 0.00144374 1.0997e-14
0.000396808 0.0019247 1.13158e-14
0.000495963 0.00240566 1.29096e-14
0.000595112 0.00288658 1.8169e-14
0.000694197 0.00336718 1.91253e-14
0.000793247 0.00384762 9.56264e-16
0.000892312 0.00432813 -1.59377e-16
0.000991405 0.00480878 2.07191e-15
0.00109049 0.0052894 1.67346e-14
0.00118957 0.00576995 -3.34693e-15
0.00128865 0.00625054 -7.17198e-15
0.00138768 0.00673088 2.39066e-15
0.00148667 0.00721107 6.3751e-16
0.00158566 0.00769121 -3.34693e-15
0.00168465 0.00817137 3.02817e-15
0.00178366 0.0086516 4.30319e-15
0.00188269 0.00913191 1.59377e-16
0.00198173 0.00961233 2.23128e-15
0.00208078 0.0100928 6.3751e-15
0.00217984 0.0105732 -3.82506e-15
0.0022789 0.0110537 -3.98444e-15
0.00237797 0.0115343 -3.34693e-15
0.00247704 0.0120148 2.86879e-15
0.00257611 0.0124954 -2.07191e-15
0.00267518 0.0129759 -3.18755e-16
0.00277425 0.0134564 6.21572e-15
0.00287331 0.0139369 4.30319e-15
0.00297238 0.0144174 -2.86879e-15
0.00307145 0.014898 -7.96887e-16
0.00317053 0.0153786 1.27502e-15
0.00326961 0.0158592 -3.66568e-15
0.0033687 0.0163398 -4.46257e-15
0.0034678 0.0168205 4.30319e-15
0.0035669 0.0173011 -1.59377e-16
0.003666 0.0177818 1.75315e-15
0.0037651 0.0182625 7.96887e-16
0.0038642 0.0187432 -3.02817e-15
0.0039633 0.0192239 3.02817e-15
0.0040624 0.0197046 2.86879e-15
0.00416151 0.0201853 -7.96887e-16
0.00426061 0.0206659 -3.18755e-16
0.00435971 0.0211466 -3.98444e-15
0.00445882 0.0216274 -3.02817e-15
0.00455792 0.0221081 -3.02817e-15
0.00465704 0.0225888 -1.4344e-15
0.00475615 0.0230696 -4.78132e-16
0.00485527 0.0235503 2.86879e-15
0.00495439 0.0240311 -2.39066e-15
0.0050535 0.0245119 -2.39066e-15
0.00515262 0.0249926 2.86879e-15
0.00525174 0.0254734 3.66568e-15
0.00535086 0.0259542 -2.07191e-15
0.00544998 0.026435 -9.56264e-16
0.0055491 0.0269157 1.27502e-15
0.00564822 0.0273965 3.34693e-15
0.00574735 0.0278773 -7.96887e-16
0.00584647 0.0283581 -1.11564e-15
0.0059456 0.0288389 -3.18755e-16
0.00604473 0.0293198 -3.18755e-15
0.00614386 0.0298006 1.11564e-15
0.00624299 0.0302814 -3.02817e-15
0.00634212 0.0307623 1.75315e-15
0.00644125 0.0312431 -5.73759e-15
0.00654038 0.0317239 1.59377e-15
0.00663951 0.0322048 -3.02817e-15
0.00673864 0.0326856 1.08377e-14
0.00683778 0.0331664 -4.78132e-15
0.00693691 0.0336473 -3.5063e-15
0.00703605 0.0341281 -2.39066e-15
0.00713519 0.034609 -3.66568e-15
0.00723432 0.0350899 2.55004e-15
0.00733346 0.0355707 -1.4344e-15
0.0074326 0.0360516 2.55004e-15
0.00753174 0.0365325 -3.98444e-15
0.00763088 0.0370134 3.82506e-15
0.00773002 0.0374943 -7.65012e-15
0.00782917 0.0379751 -3.18755e-16
0.00792831 0.038456 -1.11564e-15
0.00802745 0.0389369 4.78132e-15
0.00812659 0.0394178 -4.78132e-16
0.00822574 0.0398987 -1.59377e-16
0.00832488 0.0403796 7.96887e-16
0.00842403 0.0408605 1.73721e-14
0.00852317 0.0413414 3.18755e-16
0.00862232 0.0418223 -2.55004e-15
0.00872147 0.0423032 2.70942e-15
0.00882062 0.0427841 -7.96887e-16
0.00891976 0.043265 -9.56264e-16
0.00901891 0.043746 -2.55004e-15
0.00911806 0.0442269 -2.86879e-15
0.00921721 0.0447078 -3.66568e-15
0.00931636 0.0451887 0
0.00941551 0.0456697 -4.9407e-15
0.00951467 0.0461506 -6.85323e-15
0.00961382 0.0466315 -3.98444e-15
0.00971297 0.0471125 -1.27502e-15
0.00981212 0.0475934 -4.78132e-16
0.00991128 0.0480743 -2.55004e-15
0.0100104 0.0485553 -6.05634e-15
0.0101096 0.0490362 -4.62194e-15
0.0102087 0.0495172 -5.10008e-15
0.0103079 0.0499981 -3.18755e-16
0.0104071 0.0504791 -3.02817e-15
0.0105062 0.05096 -5.41883e-15
0.0106054 0.051441 -6.69385e-15
0.0107045 0.051922 -3.34693e-15
0.0108037 0.0524029 -5.73759e-15
0.0109028 0.0528839 -5.73759e-15
0.011002 0.0533648 -1.4344e-15
0.0111012 0.0538458 -5.89696e-15
0.0112003 0.0543268 -2.07191e-15
0.0112995 0.0548078 7.96887e-16
0.0113986 0.0552887 -4.46257e-15
0.0114978 0.0557697 0
0.011597 0.0562507 -2.39066e-15
0.0116961 0.0567317 -2.86879e-15
0.0117953 0.0572126 -2.39066e-15
0.0118944 0.0576936 1.59377e-16
0.0119936 0.0581746 2.86879e-15
0.0120928 0.0586556 1.75315e-15
0.0121919 0.0591366 -3.98444e-15
0.0122911 0.0596176 -3.98444e-15
0.0123903 0.0600986 -7.96887e-16
0.0124894 0.0605795 -4.62194e-15
0.0125886 0.0610605 1.91253e-15
0.0126877 0.0615415 -1.4344e-15
0.0127848 0.0620121 -3.98444e-15
0.0128835 0.0624912 -3.98444e-15
0.0129795 0.0629566 -4.62194e-15
0.0130751 0.0634204 -1.59377e-15
0.0131722 0.0638913 -2.23128e-15
0.0132674 0.0643532 3.18755e-16
0.0133625 0.0648142 -4.46257e-15
0.013459 0.0652824 -2.55004e-15
0.0135545 0.0657456 -4.78132e-15
0.013652 0.0662186 -9.56264e-16
0.0137491 0.0666895 4.78132e-16
0.0138483 0.0671705 3.66568e-15
0.0139436 0.0676329 7.96887e-16
0.0140415 0.068108 -7.96887e-16
0.0141407 0.068589 -2.86879e-15
0.0142396 0.069069 -1.59377e-15
0.0143326 0.0695197 -6.3751e-15
0.0144256 0.069971 -1.59377e-15
0.0145223 0.0704402 -7.96887e-16
0.0146177 0.0709025 -6.21572e-15
0.0147102 0.0713513 -5.89696e-15
0.0148045 0.0718086 -4.14381e-15
0.014897 0.0722574 1.59377e-16
0.0149923 0.0727199 -1.11564e-15
0.0150868 0.0731782 -2.70942e-15
0.0151814 0.0736367 -6.53447e-15
0.0152738 0.0740852 -2.39066e-15
0.0153662 0.0745331 -7.96887e-16
0.0154587 0.0749818 -6.3751e-15
0.0155526 0.0754374 -5.10008e-15
0.0156447 0.0758844 -1.91253e-15
0.0157396 0.0763445 1.59377e-16
0.0158343 0.0768039 -3.18755e-15
0.0159275 0.0772557 6.3751e-16
0.0160202 0.0777054 -1.4344e-15
0.0161118 0.0781497 -6.21572e-15
0.0162043 0.0785984 -4.30319e-15
0.0162995 0.07906 1.75315e-15
0.0163911 0.0795046 -5.89696e-15
0.0164838 0.0799544 -2.86879e-15
0.0165758 0.0804003 0
0.0166671 0.0808431 -3.18755e-15
0.0167584 0.0812859 1.13158e-14
0.0168557 0.081758 -4.14381e-15
0.0169479 0.0822054 1.59377e-15
0.0170471 0.0826864 6.3751e-16
0.0171386 0.0831305 1.59377e-16
0.0172322 0.0835844 -2.07191e-15
0.0173238 0.0840287 -2.70942e-15
0.0174165 0.0844784 1.75315e-15
0.0175078 0.084921 -6.85323e-15
0.0176009 0.0853726 -3.5063e-15
0.0176956 0.0858319 -7.33136e-15
0.0177874 0.0862772 -4.9407e-15
0.0178815 0.0867337 -4.78132e-15
0.0179745 0.0871847 -4.78132e-15
0.0180658 0.0876276 -2.55004e-15
0.0181571 0.0880706 -3.82506e-15
0.0182487 0.0885148 -4.78132e-15
0.0183405 0.0889602 -3.82506e-15
0.018431 0.0893992 -9.08451e-15
0.0185224 0.0898428 -8.12825e-15
0.0186132 0.0902833 -7.49074e-15
0.0187039 0.090723 -3.82506e-15
0.0187951 0.0911658 -3.02817e-15
0.0188862 0.0916075 -9.40327e-15
0.0189764 0.0920455 3.18755e-16
0.0190702 0.0925003 -1.4344e-15
0.0191609 0.0929406 -5.25945e-15
0.0192537 0.0933907 -6.3751e-16
0.0193475 0.093846 -7.33136e-15
0.0194386 0.0942882 -9.56264e-15
0.0195288 0.0947259 -5.10008e-15
0.0196192 0.0951645 -8.76576e-15
0.0197109 0.0956096 -4.30319e-15
0.0198011 0.0960474 -2.39066e-15
0.0198925 0.0964912 3.18755e-16
0.0199825 0.0969283 -4.46257e-15
0.0200726 0.0973656 -4.9407e-15
0.0201645 0.0978117 -7.49074e-15
0.0202544 0.0982483 -1.06783e-14
0.0203444 0.0986853 -2.55004e-15
0.0204389 0.0991443 -6.85323e-15
0.0205286 0.0995798 -9.8814e-15
0.0206186 0.100017 -6.53447e-15
0.0207082 0.100452 -6.21572e-15
0.0208006 0.100901 -1.03595e-14
0.0208918 0.101344 -1.02002e-14
0.0209825 0.101785 -6.3751e-15
0.0210725 0.102222 -9.08451e-15
0.0211619 0.102656 -8.76576e-15
0.0212553 0.10311 -1.13158e-14
0.0213457 0.103549 -6.3751e-16
0.0214449 0.104031 -9.72202e-15
0.0215342 0.104465 -1.16346e-14
0.0216242 0.104902 -1.06783e-14
0.0217139 0.105338 -1.16346e-14
0.0218049 0.10578 -7.80949e-15
0.0218953 0.106219 -1.14752e-14
0.0219873 0.106666 -1.05189e-14
0.0220777 0.107105 -8.92513e-15
0.0221678 0.107543 -6.69385e-15
0.0222569 0.107976 -5.89696e-15
0.0223474 0.108416 -8.12825e-15
0.0224399 0.108865 -2.70942e-15
0.0225392 0.109347 -7.49074e-15
0.0226384 0.109829 -1.05189e-14
0.0227286 0.110267 -1.30689e-14
0.0228176 0.1107 -6.85323e-15
0.0229066 0.111132 -1.02002e-14
0.0230059 0.111614 -8.447e-15
0.0230958 0.112051 -5.41883e-15
0.023187 0.112494 -3.66568e-15
0.0232759 0.112926 -7.65012e-15
0.0233658 0.113362 -5.41883e-15
0.0234566 0.113803 -1.11564e-14
0.0235533 0.114273 -1.27502e-14
0.0236429 0.114707 -1.03595e-14
0.0237314 0.115137 -1.13158e-14
0.0238202 0.115568 -1.11564e-14
0.0239098 0.116004 -1.59377e-16
0.0239983 0.116433 -8.447e-15
0.0240874 0.116865 -1.27502e-14
0.024176 0.117295 -1.22721e-14
0.0242643 0.117724 -9.8814e-15
0.0243527 0.118153 -7.80949e-15
0.0244414 0.118584 -1.29096e-14
0.0245319 0.119023 -1.00408e-14
0.0246212 0.119456 -1.30689e-14
0.0247096 0.119885 -1.4344e-14
0.0247981 0.120315 -1.05189e-14
0.0248864 0.120743 -1.08377e-14
0.024975 0.121173 -1.19533e-14
0.0250647 0.121608 -1.46627e-14
0.0251531 0.122038 -6.3751e-16
0.0252415 0.122466 -1.45033e-14
0.0253408 0.122948 -1.37065e-14
0.025429 0.123376 -1.33877e-14
0.0255172 0.123804 -1.0997e-14
0.0256059 0.124235 -8.447e-15
0.0256945 0.124664 -1.5619e-14
0.0257852 0.125105 -1.46627e-14
0.0258741 0.125536 -1.64159e-14
0.0259632 0.125968 -1.22721e-14
0.0260534 0.126406 -1.48221e-14
0.0261438 0.126844 -1.35471e-14
0.0262318 0.127271 -1.14752e-14
0.0263203 0.127701 -1.64159e-14
0.0264084 0.128128 -1.65753e-14
0.0264962 0.128554 -1.78503e-14
0.0265857 0.128989 -1.16346e-14
0.0266735 0.129414 -8.92513e-15
0.0267696 0.12988 -1.19533e-14
0.0268578 0.130308 -1.35471e-14
0.0269471 0.130742 -1.38658e-14
0.0270347 0.131167 -1.37065e-14
0.0271226 0.131593 -1.51409e-14
0.0272103 0.132018 -1.45033e-14
0.0272982 0.132445 -1.8169e-14
0.0273861 0.132872 -1.86472e-14
0.0274742 0.133299 -1.92847e-14
0.0275617 0.133723 -1.45033e-14
0.0276516 0.134159 -1.62565e-14
0.0277394 0.134586 -1.33877e-14
0.027834 0.135044 -1.70534e-14
0.0279216 0.135469 -1.60971e-14
0.0280092 0.135894 -1.60971e-14
0.0280968 0.136319 -1.41846e-14
0.0281855 0.13675 -1.0997e-14
0.028273 0.137174 -1.96034e-14
0.0283613 0.137602 -1.75315e-14
0.0284494 0.13803 -1.76909e-14
0.0285368 0.138454 -1.88065e-14
0.0286249 0.138881 -1.89659e-14
0.0287146 0.139316 -1.99222e-14
0.028802 0.13974 -2.11972e-14
0.0288897 0.140166 -1.97628e-14
0.0289769 0.140589 -2.07191e-14
0.0290645 0.141013 -1.73721e-14
0.0291521 0.141438 -2.11972e-14
0.0292397 0.141864 -1.91253e-14
0.0293269 0.142286 -1.80096e-14
0.0294142 0.14271 -2.00816e-14
0.0295034 0.143143 -2.24722e-14
0.0295907 0.143566 -1.91253e-14
0.0296787 0.143993 -1.88065e-14
0.0297662 0.144417 -2.02409e-14
0.0298536 0.144841 -2.10378e-14
0.0299406 0.145263 -1.72128e-14
0.0300286 0.14569 -1.96034e-14
0.0301182 0.146125 -2.24722e-14
0.0302054 0.146548 -1.99222e-14
0.0302926 0.146971 -2.23128e-14
0.0303919 0.147452 -1.59377e-14
0.0304798 0.147879 -1.97628e-14
0.0305677 0.148306 -1.96034e-14
0.0306547 0.148728 -2.29503e-14
0.030754 0.149209 -1.89659e-14
0.0308421 0.149636 -2.19941e-14
0.0309299 0.150062 -1.80096e-14
0.0310175 0.150487 -2.24722e-14
0.0311046 0.15091 -2.08784e-14
0.031192 0.151334 -2.18347e-14
0.0312793 0.151757 -1.91253e-14
0.0313786 0.152239 -1.83284e-14
0.0314779 0.152721 -2.07191e-14
0.0315674 0.153155 -2.23128e-14
0.0316548 0.153579 -2.50223e-14
0.0317414 0.153999 -2.43847e-14
0.0318285 0.154421 -2.34285e-14
0.0319154 0.154843 -2.24722e-14
0.0320147 0.155325 -2.45441e-14
0.0321018 0.155747 -2.61379e-14
0.0321896 0.156173 -2.2791e-14
0.0322762 0.156593 -1.97628e-14
0.0323643 0.15702 -2.48629e-14
0.0324514 0.157443 -2.2791e-14
0.0325406 0.157876 -2.34285e-14
0.0326285 0.158302 -2.31097e-14
0.0327157 0.158725 -2.47035e-14
0.0328024 0.159146 -2.75723e-14
0.0328891 0.159566 -2.35879e-14
0.0329761 0.159988 -2.47035e-14
0.0330628 0.160409 -2.37472e-14
0.0331621 0.16089 -2.43847e-14
0.0332486 0.16131 -2.43847e-14
0.033335 0.161729 -2.39066e-14
0.0334216 0.162149 -2.75723e-14
0.0335081 0.162569 -1.48221e-14
0.0335946 0.162988 -2.98036e-14
0.0336813 0.163409 -2.69348e-14
0.0337691 0.163835 -2.58191e-14
0.0338571 0.164262 -2.50223e-14
0.0339437 0.164681 -2.48629e-14
0.03403 0.1651 -2.69348e-14
0.0341181 0.165527 -3.06005e-14
0.034207 0.165959 -3.04411e-14
0.0342935 0.166378 -2.98036e-14
0.0343806 0.166801 -2.4066e-14
0.0344674 0.167222 -2.86879e-14
0.034554 0.167642 -2.96442e-14
0.0346406 0.168062 -3.29911e-14
0.0347271 0.168482 -2.4066e-14
0.0348137 0.168902 -2.93254e-14
0.0348999 0.16932 -2.58191e-14
0.034986 0.169737 -3.07598e-14
0.0350735 0.170162 -2.56598e-14
0.0351596 0.170579 -2.98036e-14
0.035246 0.170999 -2.88473e-14
0.0353324 0.171418 -3.28317e-14
0.0354211 0.171848 -3.3788e-14
0.0355083 0.172271 -3.13973e-14
0.0355943 0.172688 -3.06005e-14
0.0356804 0.173106 -2.88473e-14
0.0357666 0.173524 -3.17161e-14
0.0358527 0.173941 -2.96442e-14
0.0359431 0.17438 -2.96442e-14
0.0360292 0.174798 -3.34693e-14
0.0361152 0.175215 -3.3788e-14
0.0362019 0.175635 -3.52224e-14
0.0362882 0.176054 -3.2513e-14
0.036375 0.176475 -3.45849e-14
0.036461 0.176892 -3.60193e-14
0.0365476 0.177312 -3.76131e-14
0.0366343 0.177733 -3.13973e-14
0.0367202 0.17815 -3.31505e-14
0.0368073 0.178572 -3.49037e-14
0.0369064 0.179053 -3.3788e-14
0.0369925 0.17947 -3.41068e-14
0.0370786 0.179888 -3.55412e-14
0.0371654 0.180309 -3.2513e-14
0.0372557 0.180747 -3.34693e-14
0.0373449 0.181179 -3.52224e-14
0.0374315 0.1816 -3.60193e-14
0.0375178 0.182018 -3.49037e-14
0.0376043 0.182438 -3.26724e-14
0.03769 0.182854 -3.52224e-14
0.0377762 0.183272 -3.58599e-14
0.037862 0.183688 -3.95256e-14
0.0379477 0.184104 -3.79318e-14
0.0380334 0.184519 -3.85693e-14
0.0381202 0.18494 -3.80912e-14
0.0382063 0.185358 -3.71349e-14
0.0382922 0.185775 -3.5063e-14
0.0383915 0.186256 -3.49037e-14
0.0384772 0.186672 -3.58599e-14
0.0385631 0.187089 -3.95256e-14
0.0386495 0.187507 -3.92068e-14
0.0387361 0.187928 -3.92068e-14
0.0388225 0.188347 -4.00037e-14
0.0389083 0.188763 -4.14381e-14
0.0389941 0.189179 -3.60193e-14
0.0390798 0.189595 -4.30319e-14
0.0391659 0.190012 -3.9685e-14
0.0392541 0.190441 -4.351e-14
0.0393401 0.190858 -4.08006e-14
0.0394265 0.191277 -4.30319e-14
0.0395123 0.191693 -3.90475e-14
0.0395979 0.192108 -4.19163e-14
0.0396837 0.192524 -4.096e-14
0.0397702 0.192944 -4.28725e-14
0.0398586 0.193372 -4.28725e-14
0.0399452 0.193792 -4.15975e-14
0.0400315 0.194211 -3.92068e-14
0.0401198 0.194639 -4.30319e-14
0.0402188 0.19512 -4.52632e-14
0.0403049 0.195537 -4.096e-14
0.0403937 0.195968 -4.23944e-14
0.0404802 0.196388 -4.28725e-14
0.0405661 0.196804 -4.62194e-14
0.0406515 0.197218 -4.43069e-14
0.0407369 0.197633 -4.54226e-14
0.0408223 0.198047 -4.70163e-14
0.040908 0.198463 -4.60601e-14
0.0409938 0.198879 -4.76538e-14
0.0410792 0.199293 -4.70163e-14
0.0411667 0.199718 -4.6857e-14
0.0412523 0.200133 -4.87695e-14
0.0413388 0.200552 -4.47851e-14
0.0414241 0.200966 -4.86101e-14
0.0415103 0.201384 -4.54226e-14
0.0415957 0.201798 -4.63788e-14
0.0416816 0.202215 -4.79726e-14
0.0417671 0.20263 -4.74945e-14
0.041856 0.203061 -4.23944e-14
0.0419431 0.203483 -5.03633e-14
0.0420287 0.203899 -5.0682e-14
0.0421259 0.20437 -5.13195e-14
0.0422113 0.204784 -5.17977e-14
0.0422966 0.205198 -4.86101e-14
0.042382 0.205612 -5.03633e-14
0.0424675 0.206027 -5.05226e-14
0.0425541 0.206447 -5.11601e-14
0.0426394 0.206861 -5.08414e-14
0.0427247 0.207275 -5.0682e-14
0.0428101 0.207689 -5.25945e-14
0.0428984 0.208117 -5.25945e-14
0.0429841 0.208533 -5.30727e-14
0.0430696 0.208948 -5.22758e-14
0.0431557 0.209365 -5.45071e-14
0.0432412 0.20978 -5.40289e-14
0.0433268 0.210195 -5.22758e-14
0.043412 0.210608 -5.35508e-14
0.0434972 0.211022 -5.25945e-14
0.0435835 0.21144 -5.38696e-14
0.043669 0.211855 -4.97258e-14
0.0437552 0.212273 -5.25945e-14
0.0438415 0.212692 -5.29133e-14
0.043927 0.213106 -5.32321e-14
0.0440122 0.21352 -5.54633e-14
0.0440977 0.213934 -5.25945e-14
0.0441843 0.214354 -5.38696e-14
0.0442695 0.214768 -5.37102e-14
0.0443626 0.21522 -5.70571e-14
0.0444479 0.215633 -5.35508e-14
0.044533 0.216046 -5.80134e-14
0.0446182 0.216459 -5.76946e-14
0.0447175 0.216941 -5.64196e-14
0.0448036 0.217359 -5.89696e-14
0.0448889 0.217772 -5.94478e-14
0.0449882 0.218254 -5.68977e-14
0.0450733 0.218667 -5.96072e-14
0.0451584 0.219079 -6.0404e-14
0.0452435 0.219492 -5.81728e-14
0.0453292 0.219908 -6.08822e-14
0.0454146 0.220322 -6.0404e-14
0.0454997 0.220735 -5.99259e-14
0.0455856 0.221151 -6.13603e-14
0.0456706 0.221564 -5.9129e-14
0.0457557 0.221976 -6.13603e-14
0.0458416 0.222393 -6.08822e-14
0.0459266 0.222805 -6.05634e-14
0.0460117 0.223218 -6.13603e-14
0.0460975 0.223634 -6.31135e-14
0.0461827 0.224048 -6.27947e-14
0.0462678 0.224461 -6.13603e-14
0.0463532 0.224875 -6.27947e-14
0.0464384 0.225288 -6.0404e-14
0.0465233 0.2257 -6.27947e-14
0.0466085 0.226113 -6.18384e-14
0.0466934 0.226525 -6.45479e-14
0.0467786 0.226938 -6.48666e-14
0.0468654 0.227359 -6.32728e-14
0.0469503 0.227771 -6.53447e-14
0.0470354 0.228183 -6.56635e-14
0.0471203 0.228595 -6.5026e-14
0.0472052 0.229007 -6.24759e-14
0.0473026 0.229479 -6.58229e-14
0.0473875 0.229891 -6.48666e-14
0.0474734 0.230307 -6.45479e-14
0.0475584 0.230719 -6.43885e-14
0.0476566 0.231195 -6.53447e-14
0.0477416 0.231607 -6.59822e-14
0.0478267 0.23202 -6.67791e-14
0.0479116 0.232431 -6.69385e-14
0.047997 0.232844 -6.90104e-14
0.0480819 0.233256 -6.8851e-14
0.048168 0.233672 -6.93292e-14
0.0482675 0.234153 -6.8851e-14
0.0483523 0.234563 -7.02854e-14
0.048451 0.23504 -6.93292e-14
0.048537 0.235455 -7.07636e-14
0.0486369 0.235936 -6.90104e-14
0.0487217 0.236344 -7.04448e-14
0.0488067 0.236753 -7.07636e-14
0.0488916 0.23716 -7.14011e-14
0.0489764 0.237566 -7.07636e-14
0.0490614 0.237971 -7.18792e-14
0.0491461 0.238374 -7.23573e-14
0.0492312 0.238777 -7.10823e-14
0.049316 0.239176 -7.14011e-14
0.0494007 0.239574 -7.28355e-14
0.0495032 0.240052 -7.31542e-14
0.0495892 0.24045 -7.33136e-14
0.0496742 0.240842 -7.41105e-14
0.0497592 0.241232 -7.23573e-14
0.0498442 0.241619 -7.26761e-14
0.0499289 0.242004 -7.3473e-14
0.0500139 0.242388 -7.41105e-14
0.0500989 0.24277 -7.41105e-14
0.0501844 0.243153 -7.3473e-14
0.0502691 0.243531 -7.09229e-14
0.0503537 0.243907 -7.29949e-14
0.0504387 0.244284 -7.29949e-14
0.0505238 0.24466 -7.41105e-14
0.05061 0.24504 -7.71387e-14
0.0506947 0.245413 -7.53855e-14
0.0507805 0.245789 -7.68199e-14
0.0508656 0.246162 -7.7298e-14
0.0509507 0.246534 -7.68199e-14
0.0510357 0.246905 -7.80949e-14
0.0511204 0.247274 -7.79356e-14
0.0512051 0.247643 -7.96887e-14
0.0512911 0.248017 -7.88918e-14
0.0513758 0.248385 -7.96887e-14
0.0514605 0.248752 -8.03262e-14
0.0515451 0.249119 -8.00075e-14
0.0516316 0.249493 -7.96887e-14
0.0517162 0.249859 -8.09637e-14
0.0518009 0.250226 -8.12825e-14
0.051886 0.250593 -8.0645e-14
0.0519706 0.250959 -8.08043e-14
0.0520564 0.251329 -8.16012e-14
0.052141 0.251694 -8.11231e-14
0.0522257 0.252059 -8.28763e-14
0.0523295 0.252506 -8.36731e-14
0.052414 0.25287 -8.3195e-14
0.0524989 0.253235 -8.46294e-14
0.0525834 0.253599 -8.38325e-14
0.052669 0.253967 -8.41513e-14
0.0527535 0.254331 -8.5745e-14
0.0528381 0.254694 -8.38325e-14
0.0529229 0.255059 -8.68607e-14
0.0530076 0.255423 -8.60638e-14
0.0530925 0.255787 -8.65419e-14
0.0531867 0.256192 -8.68607e-14
0.0532717 0.256557 -8.67013e-14
0.0533568 0.256922 -8.63826e-14
0.0534412 0.257285 -8.70201e-14
0.0535261 0.257649 -8.59044e-14
0.0536106 0.258012 -8.82951e-14
0.0536953 0.258375 -8.71794e-14
0.0537805 0.258741 -8.70201e-14
0.0538654 0.259105 -8.86138e-14
0.05395 0.259468 -8.79763e-14
0.0540345 0.25983 -9.0367e-14
0.0541194 0.260194 -9.11639e-14
0.0542043 0.260558 -9.14826e-14
0.0542894 0.260923 -9.06857e-14
0.0543739 0.261285 -9.14826e-14
0.0544795 0.261737 -9.27577e-14
0.0545639 0.262099 -9.14826e-14
0.0546486 0.262462 -9.33952e-14
0.0547332 0.262825 -9.37139e-14
0.0548179 0.263188 -9.40327e-14
0.0549025 0.26355 -9.43514e-14
0.0549869 0.263911 -9.33952e-14
0.0550713 0.264273 -9.37139e-14
0.0551557 0.264635 -9.4192e-14
0.0552416 0.265002 -9.37139e-14
0.0553263 0.265365 -9.46702e-14
0.0554107 0.265726 -9.6264e-14
0.0554951 0.266088 -9.53077e-14
0.0555798 0.26645 -9.76984e-14
0.0556644 0.266813 -9.7539e-14
0.0557488 0.267174 -9.61046e-14
0.0558332 0.267535 -9.6264e-14
0.0559178 0.267897 -9.80171e-14
0.0560023 0.268259 -9.86546e-14
0.0560869 0.268621 -9.99296e-14
0.0561714 0.268983 -1.00248e-13
0.0562557 0.269344 -9.99296e-14
0.0563403 0.269705 -1.00248e-13
0.0564248 0.270067 -1.01364e-13
0.0565093 0.270429 -1.00886e-13
0.0565939 0.270791 -9.91327e-14
0.0566784 0.271152 -1.01683e-13
0.0567631 0.271514 -1.03277e-13
0.0568601 0.271929 -1.02002e-13
0.0569444 0.27229 -1.01842e-13
0.0570288 0.272651 -1.02639e-13
0.0571135 0.273013 -1.0487e-13
0.0571984 0.273377 -1.0248e-13
0.0572828 0.273738 -1.05348e-13
0.0573671 0.274098 -1.03436e-13
0.0574646 0.274515 -1.04552e-13
0.0575496 0.274878 -1.06145e-13
0.0576344 0.275241 -1.06145e-13
0.057719 0.275603 -1.06623e-13
0.0578037 0.275965 -1.07261e-13
0.0578884 0.276327 -1.07261e-13
0.0579728 0.276689 -1.08058e-13
0.0580576 0.277051 -1.08217e-13
0.0581419 0.277411 -1.09174e-13
0.0582443 0.277849 -1.1013e-13
0.0583286 0.27821 -1.08695e-13
0.0584129 0.27857 -1.09333e-13
0.0584971 0.27893 -1.09811e-13
0.0585825 0.279295 -1.11405e-13
0.0586668 0.279656 -1.09174e-13
0.0587511 0.280016 -1.09652e-13
0.0588355 0.280377 -1.11724e-13
0.0589389 0.280819 -1.11883e-13
0.059024 0.281183 -1.12202e-13
0.0591081 0.281542 -1.13158e-13
0.0591931 0.281906 -1.13477e-13
0.0592954 0.282343 -1.14114e-13
0.0593798 0.282704 -1.14274e-13
0.0594641 0.283064 -1.15549e-13
0.0595484 0.283424 -1.16505e-13
0.0596327 0.283785 -1.1523e-13
0.0597175 0.284147 -1.16505e-13
0.0598019 0.284508 -1.16186e-13
0.0598862 0.284868 -1.16027e-13
0.0599703 0.285228 -1.18099e-13
0.0600548 0.285589 -1.18736e-13
0.060139 0.285949 -1.19055e-13
0.0602231 0.286308 -1.19055e-13
0.0603072 0.286668 -1.20011e-13
0.0603914 0.287027 -1.20011e-13
0.0604755 0.287387 -1.2033e-13
0.0605596 0.287746 -1.20808e-13
0.0606437 0.288106 -1.21127e-13
0.0607278 0.288465 -1.20967e-13
0.0608119 0.288825 -1.22402e-13
0.060896 0.289184 -1.21924e-13
0.0609825 0.289554 -1.22402e-13
0.0610787 0.289965 -1.22721e-13
0.0611632 0.290326 -1.24474e-13
0.0612474 0.290686 -1.23996e-13
0.0613315 0.291045 -1.2543e-13
0.0614155 0.291404 -1.25271e-13
0.0614996 0.291764 -1.25908e-13
0.0615836 0.292123 -1.26068e-13
0.0616681 0.292484 -1.26546e-13
0.0617521 0.292843 -1.27343e-13
0.0618361 0.293202 -1.28299e-13
0.0619204 0.293562 -1.28777e-13
0.0620045 0.293921 -1.28936e-13
0.0620888 0.294282 -1.28936e-13
0.0621727 0.29464 -1.29414e-13
0.0622569 0.295 -1.29893e-13
0.0623412 0.29536 -1.30052e-13
0.0624251 0.295719 -1.30689e-13
0.0625095 0.29608 -1.30689e-13
0.0625939 0.29644 -1.31805e-13
0.0626778 0.296799 -1.31805e-13
0.0627619 0.297158 -1.3324e-13
0.062846 0.297517 -1.33558e-13
0.0629299 0.297876 -1.33558e-13
0.0630141 0.298236 -1.34515e-13
0.0630981 0.298595 -1.35152e-13
0.063182 0.298953 -1.35311e-13
0.063266 0.299312 -1.35471e-13
0.0633506 0.299674 -1.36108e-13
0.0634482 0.300091 -1.36427e-13
0.0635474 0.300515 -1.37065e-13
0.0636399 0.30091 -1.36905e-13
0.0637238 0.301268 -1.38021e-13
0.0638077 0.301627 -1.39136e-13
0.0638916 0.301985 -1.38021e-13
0.0639758 0.302345 -1.39455e-13
0.0640598 0.302704 -1.40411e-13
0.0641437 0.303063 -1.4073e-13
0.0642283 0.303424 -1.41527e-13
0.0643122 0.303783 -1.42165e-13
0.064396 0.304141 -1.43121e-13
0.0644804 0.304502 -1.42324e-13
0.0645647 0.304862 -1.42483e-13
0.0646487 0.305221 -1.43599e-13
0.0647328 0.30558 -1.45033e-13
0.0648178 0.305943 -1.45352e-13
0.0649015 0.306301 -1.46149e-13
0.0649855 0.30666 -1.45033e-13
0.0650694 0.307018 -1.46946e-13
0.0651531 0.307376 -1.47583e-13
0.0652371 0.307735 -1.47902e-13
0.0653225 0.3081 -1.4838e-13
0.0654069 0.30846 -1.49018e-13
0.0654906 0.308818 -1.49337e-13
0.0655743 0.309176 -1.49655e-13
0.0656583 0.309534 -1.49974e-13
0.0657424 0.309894 -1.50134e-13
0.0658263 0.310252 -1.5093e-13
0.0659107 0.310613 -1.51249e-13
0.0659945 0.310971 -1.51727e-13
0.0660782 0.311329 -1.52365e-13
0.0661619 0.311686 -1.52843e-13
0.0662461 0.312046 -1.54277e-13
0.0663299 0.312404 -1.54437e-13
0.0664137 0.312762 -1.55074e-13
0.066498 0.313122 -1.55712e-13
0.0665817 0.31348 -1.55552e-13
0.0666654 0.313838 -1.56349e-13
0.0667493 0.314196 -1.57624e-13
0.066833 0.314554 -1.57465e-13
0.0669167 0.314912 -1.58899e-13
0.0670004 0.315269 -1.58262e-13
0.067084 0.315626 -1.59377e-13
0.0671679 0.315985 -1.59377e-13
0.0672516 0.316342 -1.60971e-13
0.0673375 0.316709 -1.60493e-13
0.0674294 0.317102 -1.61768e-13
0.067513 0.317459 -1.61768e-13
0.0675966 0.317816 -1.61768e-13
0.0676802 0.318173 -1.62884e-13
0.0677641 0.318532 -1.62406e-13
0.0678477 0.318889 -1.64637e-13
0.0679323 0.319251 -1.64637e-13
0.0680158 0.319608 -1.65274e-13
0.0680995 0.319965 -1.6639e-13
0.0681834 0.320323 -1.66231e-13
0.0682669 0.32068 -1.67665e-13
0.0683505 0.321037 -1.67824e-13
0.0684419 0.321428 -1.67984e-13
0.0685254 0.321785 -1.69259e-13
0.0686091 0.322142 -1.69578e-13
0.0686926 0.322499 -1.70534e-13
0.0687763 0.322856 -1.70374e-13
0.0688601 0.323215 -1.71331e-13
0.0689437 0.323572 -1.71012e-13
0.0690282 0.323933 -1.71968e-13
0.0691124 0.324292 -1.73084e-13
0.069196 0.324649 -1.7404e-13
0.0692925 0.325062 -1.73721e-13
0.0693766 0.325421 -1.75156e-13
0.0694602 0.325778 -1.74996e-13
0.0695436 0.326135 -1.75953e-13
0.0696271 0.326492 -1.76909e-13
0.0697106 0.326848 -1.7659e-13
0.0697942 0.327205 -1.77546e-13
0.0698776 0.327562 -1.78025e-13
0.0699612 0.327919 -1.78981e-13
0.0700446 0.328275 -1.79778e-13
0.070128 0.328632 -1.80734e-13
0.0702125 0.328993 -1.81212e-13
0.070296 0.329349 -1.81053e-13
0.0703793 0.329706 -1.82009e-13
0.0704627 0.330062 -1.82168e-13
0.0705463 0.330419 -1.83762e-13
0.0706307 0.33078 -1.83603e-13
0.0707141 0.331136 -1.84081e-13
0.0707977 0.331493 -1.84718e-13
0.0708811 0.331849 -1.85515e-13
0.0709644 0.332205 -1.86472e-13
0.0710477 0.332561 -1.8679e-13
0.0711313 0.332919 -1.87428e-13
0.0712146 0.333275 -1.88225e-13
0.0712983 0.333632 -1.88225e-13
0.0713822 0.333991 -1.89022e-13
0.0714656 0.334347 -1.89659e-13
0.071549 0.334703 -1.90615e-13
0.0716325 0.33506 -1.90934e-13
0.0717157 0.335416 -1.9189e-13
0.0717991 0.335772 -1.92687e-13
0.0718825 0.336129 -1.92847e-13
0.0719658 0.336485 -1.93165e-13
0.0720493 0.336841 -1.93803e-13
0.0721449 0.33725 -1.9444e-13
0.0722288 0.337609 -1.95556e-13
0.0723122 0.337965 -1.95078e-13
0.0723954 0.33832 -1.96672e-13
0.0724791 0.338678 -1.9699e-13
0.0725624 0.339034 -1.98584e-13
0.0726456 0.33939 -1.98584e-13
0.0727287 0.339745 -1.99381e-13
0.072812 0.340101 -1.99859e-13
0.0728958 0.340459 -2.00975e-13
0.0729911 0.340866 -2.01294e-13
0.0730744 0.341222 -2.01772e-13
0.0731575 0.341578 -2.02569e-13
0.0732409 0.341934 -2.03366e-13
0.0733241 0.342289 -2.03844e-13
0.0734072 0.342645 -2.05119e-13
0.0734909 0.343002 -2.05119e-13
0.0735747 0.34336 -2.06394e-13
0.0736579 0.343716 -2.06394e-13
0.0737413 0.344073 -2.06712e-13
0.0738246 0.344429 -2.0735e-13
0.0739081 0.344786 -2.08147e-13
0.0739913 0.345141 -2.09103e-13
0.0740743 0.345496 -2.09741e-13
0.0741575 0.345852 -2.10378e-13
0.074241 0.346208 -2.10059e-13
0.0743246 0.346566 -2.11175e-13
0.0744081 0.346923 -2.11813e-13
0.0744915 0.347279 -2.13247e-13
0.0745746 0.347634 -2.13247e-13
0.0746579 0.347991 -2.14203e-13
0.0747412 0.348347 -2.14841e-13
0.0748254 0.348707 -2.14841e-13
0.0749084 0.349061 -2.15478e-13
0.0749916 0.349417 -2.16913e-13
0.0750754 0.349775 -2.17869e-13
0.0751583 0.35013 -2.18506e-13
0.0752414 0.350485 -2.19463e-13
0.0753246 0.350841 -2.19941e-13
0.0754076 0.351196 -2.19144e-13
0.0754906 0.35155 -2.20738e-13
0.0755753 0.351912 -2.20738e-13
0.0756584 0.352268 -2.21216e-13
0.075742 0.352625 -2.22331e-13
0.0758251 0.35298 -2.23607e-13
0.0759082 0.353336 -2.24085e-13
0.0759913 0.353691 -2.24563e-13
0.0760742 0.354045 -2.25519e-13
0.076158 0.354404 -2.26794e-13
0.0762411 0.354759 -2.27113e-13
0.076324 0.355114 -2.2775e-13
0.0764089 0.355476 -2.27591e-13
0.0764919 0.355831 -2.28707e-13
0.0765748 0.356186 -2.30619e-13
0.0766577 0.356541 -2.31097e-13
0.0767471 0.356923 -2.30778e-13
0.07683 0.357277 -2.32372e-13
0.0769136 0.357635 -2.32691e-13
0.0769965 0.357989 -2.32691e-13
0.0770795 0.358344 -2.33966e-13
0.0771624 0.358699 -2.34285e-13
0.0772455 0.359054 -2.34922e-13
0.0773292 0.359412 -2.34763e-13
0.077412 0.359766 -2.36357e-13
0.0775021 0.360151 -2.36835e-13
0.077585 0.360506 -2.37313e-13
0.0776679 0.36086 -2.38429e-13
0.0777507 0.361215 -2.39385e-13
0.0778336 0.361569 -2.40182e-13
0.0779164 0.361923 -2.4066e-13
0.0779992 0.362278 -2.4066e-13
0.0780821 0.362632 -2.42094e-13
0.0781652 0.362988 -2.42572e-13
0.0782481 0.363342 -2.43688e-13
0.0783312 0.363698 -2.43529e-13
0.0784141 0.364052 -2.44326e-13
0.0784968 0.364406 -2.45441e-13
0.0785797 0.364761 -2.46716e-13
0.0786625 0.365115 -2.47991e-13
0.0787454 0.36547 -2.47513e-13
0.0788287 0.365826 -2.48629e-13
0.0789114 0.36618 -2.49107e-13
0.0789951 0.366537 -2.48788e-13
0.0790778 0.366891 -2.5086e-13
0.0791605 0.367245 -2.51338e-13
0.0792437 0.367601 -2.52135e-13
0.0793269 0.367957 -2.53251e-13
0.0794098 0.368312 -2.54207e-13
0.0794925 0.368666 -2.55163e-13
0.0795756 0.369021 -2.55323e-13
0.0796585 0.369376 -2.55482e-13
0.0797413 0.36973 -2.55801e-13
0.0798244 0.370086 -2.57554e-13
0.0799071 0.37044 -2.57395e-13
0.0799903 0.370795 -2.59466e-13
0.0800731 0.37115 -2.59785e-13
0.0801559 0.371504 -2.59626e-13
0.0802387 0.371858 -2.60741e-13
0.0803214 0.372212 -2.62016e-13
0.0804041 0.372566 -2.61857e-13
0.0804873 0.372922 -2.63291e-13
0.0805701 0.373276 -2.63929e-13
0.0806529 0.373631 -2.64726e-13
0.0807367 0.373989 -2.64726e-13
0.0808194 0.374343 -2.6632e-13
0.0809021 0.374697 -2.66638e-13
0.0809847 0.375051 -2.67913e-13
0.0810674 0.375405 -2.68073e-13
0.0811508 0.375761 -2.69029e-13
0.0812336 0.376116 -2.69985e-13
0.0813162 0.37647 -2.69985e-13
0.081399 0.376824 -2.71898e-13
0.0814818 0.377178 -2.72854e-13
0.0815644 0.377532 -2.73014e-13
0.081647 0.377885 -2.7397e-13
0.0817295 0.378239 -2.75404e-13
0.0818121 0.378592 -2.75085e-13
0.0818947 0.378946 -2.76201e-13
0.0819773 0.379299 -2.76839e-13
0.0820598 0.379652 -2.78432e-13
0.0821423 0.380006 -2.78592e-13
0.082225 0.38036 -2.79548e-13
0.0823082 0.380716 -2.80185e-13
0.0823909 0.38107 -2.80026e-13
0.0824734 0.381423 -2.82257e-13
0.0825561 0.381777 -2.82257e-13
0.0826385 0.38213 -2.82257e-13
0.0827212 0.382484 -2.83851e-13
0.0828036 0.382837 -2.84967e-13
0.0828861 0.38319 -2.85764e-13
0.0829685 0.383542 -2.85923e-13
0.0830509 0.383895 -2.8672e-13
0.0831334 0.384249 -2.87676e-13
0.0832159 0.384602 -2.88154e-13
0.0833051 0.384983 -2.87836e-13
0.0833883 0.38534 -2.90067e-13
0.0834708 0.385693 -2.91661e-13
0.0835532 0.386046 -2.91183e-13
0.0836363 0.386402 -2.91501e-13
0.0837298 0.386802 -2.92776e-13
0.0838129 0.387158 -2.93095e-13
0.0838953 0.387511 -2.93892e-13
0.0839781 0.387866 -2.94848e-13
0.0840604 0.388218 -2.95964e-13
0.0841427 0.38857 -2.9692e-13
0.0842249 0.388922 -2.97558e-13
0.0843071 0.389274 -2.98673e-13
0.0843894 0.389627 -2.99151e-13
0.0844717 0.389979 -2.99789e-13
0.0845544 0.390333 -3.00267e-13
0.0846366 0.390686 -3.01383e-13
0.0847188 0.391038 -3.01861e-13
0.084801 0.39139 -3.02976e-13
0.0848832 0.391742 -3.04411e-13
0.0849653 0.392094 -3.0473e-13
0.0850474 0.392445 -3.06005e-13
0.0851295 0.392797 -3.0712e-13
0.0852118 0.393149 -3.07598e-13
0.0852939 0.393501 -3.08236e-13
0.085376 0.393853 -3.09033e-13
0.0854582 0.394205 -3.10148e-13
0.0855405 0.394558 -3.10786e-13
0.0856227 0.39491 -3.11264e-13
0.0857047 0.395261 -3.12061e-13
0.0857868 0.395613 -3.13017e-13
0.0858689 0.395965 -3.14133e-13
0.0859515 0.396318 -3.1477e-13
0.0860337 0.396671 -3.15089e-13
0.0861156 0.397022 -3.16524e-13
0.0861976 0.397373 -3.17799e-13
0.0862798 0.397725 -3.18117e-13
0.0863618 0.398076 -3.17958e-13
0.0864544 0.398473 -3.20189e-13
0.0865363 0.398824 -3.19711e-13
0.086629 0.399222 -3.21464e-13
0.0867114 0.399575 -3.21783e-13
0.0867934 0.399926 -3.23217e-13
0.0868752 0.400277 -3.23696e-13
0.0869577 0.40063 -3.24333e-13
0.0870395 0.400981 -3.24811e-13
0.0871215 0.401332 -3.25608e-13
0.0872033 0.401683 -3.26883e-13
0.0872852 0.402034 -3.27042e-13
0.0873673 0.402385 -3.28477e-13
0.0874493 0.402737 -3.29433e-13
0.0875311 0.403088 -3.30071e-13
0.0876129 0.403438 -3.30549e-13
0.0876952 0.403791 -3.31983e-13
0.0877773 0.404143 -3.32302e-13
0.0878699 0.40454 -3.33418e-13
0.087953 0.404896 -3.33896e-13
0.0880414 0.405275 -3.33736e-13
0.0881238 0.405628 -3.36446e-13
0.0882058 0.40598 -3.36605e-13
0.0882879 0.406332 -3.37561e-13
0.0883762 0.40671 -3.38039e-13
0.0884582 0.407062 -3.38677e-13
0.0885399 0.407412 -3.39633e-13
0.0886325 0.407809 -3.40908e-13
0.0887142 0.40816 -3.41386e-13
0.088796 0.40851 -3.4298e-13
0.0888781 0.408862 -3.43458e-13
0.0889598 0.409213 -3.43936e-13
0.089042 0.409565 -3.45371e-13
0.0891235 0.409915 -3.46168e-13
0.0892051 0.410265 -3.47124e-13
0.0892871 0.410616 -3.47443e-13
0.0893686 0.410966 -3.47921e-13
0.0894507 0.411318 -3.49674e-13
0.0895322 0.411667 -3.50152e-13
0.0896137 0.412017 -3.50949e-13
0.0896953 0.412366 -3.52065e-13
0.0897767 0.412716 -3.52065e-13
0.0898584 0.413066 -3.53499e-13
0.08994 0.413416 -3.54615e-13
0.0900215 0.413766 -3.54455e-13
0.0901031 0.414116 -3.56527e-13
0.0901857 0.41447 -3.57484e-13
0.0902673 0.41482 -3.5828e-13
0.0903493 0.415172 -3.58918e-13
0.0904312 0.415523 -3.59555e-13
0.0905126 0.415872 -3.60352e-13
0.090594 0.416221 -3.6099e-13
0.0906754 0.416571 -3.62424e-13
0.0907638 0.41695 -3.62902e-13
0.0908452 0.417299 -3.64177e-13
0.0909265 0.417648 -3.64337e-13
0.091008 0.417997 -3.65134e-13
0.0910895 0.418347 -3.66249e-13
0.0911708 0.418696 -3.66887e-13
0.0912522 0.419045 -3.67684e-13
0.0913343 0.419397 -3.69277e-13
0.0914239 0.419782 -3.69756e-13
0.0915056 0.420133 -3.70552e-13
0.091587 0.420481 -3.71668e-13
0.0916684 0.420831 -3.72465e-13
0.0917497 0.42118 -3.73421e-13
0.091831 0.421528 -3.74696e-13
0.0919122 0.421877 -3.75174e-13
0.0919934 0.422226 -3.76449e-13
0.0920747 0.422574 -3.77087e-13
0.0921559 0.422923 -3.78362e-13
0.0922374 0.423273 -3.7884e-13
0.0923186 0.423621 -3.79796e-13
0.0924 0.42397 -3.80274e-13
0.092488 0.424348 -3.82028e-13
0.0925693 0.424697 -3.82665e-13
0.0926612 0.425092 -3.83462e-13
0.0927423 0.42544 -3.85215e-13
0.0928234 0.425788 -3.86171e-13
0.0929047 0.426137 -3.86331e-13
0.0929861 0.426486 -3.8665e-13
0.0930745 0.426866 -3.8904e-13
0.0931557 0.427214 -3.892e-13
0.0932367 0.427562 -3.89837e-13
0.0933198 0.427919 -3.91112e-13
0.0934008 0.428266 -3.9175e-13
0.0934818 0.428614 -3.92228e-13
0.0935634 0.428964 -3.93184e-13
0.0936446 0.429313 -3.94778e-13
0.0937256 0.429661 -3.95256e-13
0.0938066 0.430008 -3.97009e-13
0.0938876 0.430356 -3.97328e-13
0.0939779 0.430744 -3.97647e-13
0.0940589 0.431092 -3.98922e-13
0.0941399 0.43144 -3.99719e-13
0.094221 0.431788 -4.00197e-13
0.0943019 0.432135 -4.00994e-13
0.0943828 0.432483 -4.01153e-13
0.0944637 0.43283 -4.03065e-13
0.0945487 0.433195 -4.0434e-13
0.0946298 0.433543 -4.05297e-13
0.0947106 0.43389 -4.06253e-13
0.0947915 0.434238 -4.06253e-13
0.0948725 0.434586 -4.07528e-13
0.0949534 0.434933 -4.08166e-13
0.0950345 0.435281 -4.09122e-13
0.0951153 0.435629 -4.10556e-13
0.0951964 0.435977 -4.11831e-13
0.0952772 0.436324 -4.12787e-13
0.0953585 0.436673 -4.12947e-13
0.0954396 0.437021 -4.13903e-13
0.0955203 0.437368 -4.15178e-13
0.0956041 0.437728 -4.15816e-13
0.0956849 0.438075 -4.16772e-13
0.0957657 0.438422 -4.18047e-13
0.0958465 0.438769 -4.18684e-13
0.0959272 0.439116 -4.18684e-13
0.096008 0.439463 -4.21713e-13
0.0960888 0.43981 -4.20916e-13
0.0961695 0.440157 -4.22669e-13
0.0962504 0.440504 -4.23147e-13
0.096331 0.440851 -4.25378e-13
0.0964117 0.441198 -4.25697e-13
0.0964926 0.441545 -4.26653e-13
0.0965735 0.441893 -4.27769e-13
0.0966541 0.442239 -4.28247e-13
0.0967348 0.442586 -4.29203e-13
0.0968155 0.442933 -4.30638e-13
0.0968962 0.443279 -4.31753e-13
0.096977 0.443627 -4.3255e-13
0.0970579 0.443974 -4.33347e-13
0.0971385 0.444321 -4.33985e-13
0.0972191 0.444667 -4.34941e-13
0.0972999 0.445014 -4.35738e-13
0.0973804 0.44536 -4.36375e-13
0.0974611 0.445707 -4.36853e-13
0.0975416 0.446053 -4.38288e-13
0.0976237 0.446406 -4.39882e-13
0.0977042 0.446752 -4.39563e-13
0.0977847 0.447098 -4.41157e-13
0.0978653 0.447444 -4.41635e-13
0.0979513 0.447814 -4.42591e-13
0.0980318 0.44816 -4.43069e-13
0.0981125 0.448507 -4.453e-13
0.098193 0.448853 -4.45938e-13
0.0982736 0.4492 -4.46735e-13
0.0983541 0.449546 -4.47851e-13
0.0984345 0.449891 -4.48647e-13
0.098515 0.450238 -4.49763e-13
0.0985955 0.450583 -4.50241e-13
0.0986759 0.450929 -4.51676e-13
0.0987563 0.451275 -4.52313e-13
0.0988367 0.45162 -4.53747e-13
0.0989175 0.451968 -4.54544e-13
0.0989979 0.452314 -4.54863e-13
0.0990783 0.452659 -4.56457e-13
0.0991587 0.453005 -4.57891e-13
0.0992391 0.453351 -4.59326e-13
0.0993195 0.453697 -4.59485e-13
0.0993998 0.454042 -4.59644e-13
0.0994802 0.454388 -4.61238e-13
0.0995609 0.454735 -4.62035e-13
0.0996412 0.45508 -4.62513e-13
0.0997216 0.455426 -4.6331e-13
0.0998022 0.455772 -4.65541e-13
0.0998824 0.456117 -4.6602e-13
0.0999631 0.456464 -4.66976e-13
0.100044 0.456811 -4.69207e-13
0.100124 0.457156 -4.69366e-13
0.100204 0.457501 -4.70004e-13
0.100291 0.457876 -4.70482e-13
0.100371 0.458221 -4.71757e-13
0.100452 0.458566 -4.73192e-13
0.100532 0.458911 -4.74467e-13
0.100612 0.459256 -4.75263e-13
0.100692 0.459601 -4.75742e-13
0.100773 0.459947 -4.77017e-13
0.100853 0.460292 -4.77335e-13
0.100933 0.460637 -4.78451e-13
0.101013 0.460982 -4.79407e-13
0.101094 0.461327 -4.80523e-13
0.101174 0.461672 -4.81639e-13
0.101254 0.462017 -4.82435e-13
0.101334 0.462362 -4.8371e-13
0.101414 0.462707 -4.85145e-13
0.101494 0.463052 -4.85942e-13
0.101582 0.463428 -4.86579e-13
0.101662 0.463772 -4.87376e-13
0.101742 0.464117 -4.88492e-13
0.101822 0.464461 -4.89767e-13
0.101902 0.464805 -4.89926e-13
0.101989 0.465182 -4.9152e-13
0.10207 0.465527 -4.92317e-13
0.10215 0.465871 -4.93911e-13
0.10223 0.466216 -4.93592e-13
0.10231 0.466561 -4.95345e-13
0.10239 0.466905 -4.96461e-13
0.10247 0.467249 -4.97098e-13
0.10255 0.467594 -4.97736e-13
0.10263 0.467939 -4.98692e-13
0.10271 0.468284 -5.00286e-13
0.10279 0.468628 -5.00286e-13
0.10287 0.468974 -5.01083e-13
0.10295 0.469318 -5.02836e-13
0.10303 0.469662 -5.03792e-13
0.10311 0.470006 -5.04429e-13
0.10319 0.470349 -5.05864e-13
0.10327 0.470694 -5.05705e-13
0.10335 0.471039 -5.07617e-13
0.10343 0.471383 -5.08095e-13
0.10351 0.471726 -5.09211e-13
0.10359 0.47207 -5.09848e-13
0.103669 0.472413 -5.11442e-13
0.103749 0.472757 -5.12239e-13
0.103829 0.473101 -5.13195e-13
0.103909 0.473445 -5.14789e-13
0.103989 0.473791 -5.15108e-13
0.104069 0.474134 -5.15745e-13
0.104149 0.474478 -5.1718e-13
0.104229 0.474822 -5.17977e-13
0.104309 0.475166 -5.18455e-13
0.104388 0.475509 -5.19252e-13
0.104468 0.475854 -5.20367e-13
0.104554 0.476224 -5.21642e-13
0.104634 0.476567 -5.22599e-13
0.104714 0.47691 -5.23395e-13
0.104793 0.477254 -5.24352e-13
0.104873 0.477597 -5.25467e-13
0.104953 0.477941 -5.25945e-13
0.105033 0.478284 -5.2738e-13
0.105112 0.478627 -5.28814e-13
0.105192 0.47897 -5.29292e-13
0.105272 0.479313 -5.2993e-13
0.105351 0.479656 -5.30886e-13
0.105431 0.479999 -5.32321e-13
0.10551 0.480342 -5.32958e-13
0.105595 0.480707 -5.33755e-13
0.105675 0.481053 -5.35349e-13
0.105755 0.481395 -5.35667e-13
0.105834 0.481738 -5.36464e-13
0.105914 0.482081 -5.3758e-13
0.105993 0.482423 -5.38218e-13
0.106073 0.482766 -5.38058e-13
0.106152 0.483108 -5.39174e-13
0.106232 0.483453 -5.41564e-13
0.106312 0.483796 -5.41883e-13
0.106391 0.484138 -5.42521e-13
0.106471 0.48448 -5.42839e-13
0.10655 0.484823 -5.44433e-13
0.10663 0.485165 -5.44593e-13
0.106709 0.485507 -5.46027e-13
0.106789 0.48585 -5.46983e-13
0.106868 0.486192 -5.47621e-13
0.106947 0.486534 -5.48577e-13
0.107034 0.486905 -5.50011e-13
0.107113 0.487247 -5.50808e-13
0.107192 0.487589 -5.52243e-13
0.107272 0.487931 -5.5304e-13
0.107351 0.488273 -5.53677e-13
0.10743 0.488615 -5.54315e-13
0.107509 0.488956 -5.54793e-13
0.107589 0.489298 -5.56068e-13
0.107668 0.489639 -5.56705e-13
0.107747 0.48998 -5.57343e-13
0.107826 0.490321 -5.58299e-13
0.107905 0.490662 -5.58937e-13
0.107984 0.491003 -5.60052e-13
0.108063 0.491344 -5.6069e-13
0.108143 0.491686 -5.61327e-13
0.108222 0.492027 -5.62283e-13
0.108301 0.492368 -5.63877e-13
0.10838 0.49271 -5.64196e-13
0.108459 0.493051 -5.65471e-13
0.108538 0.493392 -5.66587e-13
0.108617 0.493733 -5.67384e-13
0.108696 0.494074 -5.68499e-13
0.108775 0.494414 -5.69137e-13
0.108855 0.494756 -5.70252e-13
0.108934 0.495097 -5.71368e-13
0.109013 0.495437 -5.71846e-13
0.109091 0.495777 -5.7344e-13
0.10917 0.496118 -5.72643e-13
0.10925 0.496461 -5.74077e-13
0.109329 0.496801 -5.75193e-13
0.109408 0.497142 -5.76627e-13
0.109487 0.497482 -5.77424e-13
0.109566 0.497823 -5.78062e-13
0.109645 0.498163 -5.78221e-13
0.109723 0.498503 -5.78699e-13
0.109802 0.498843 -5.79974e-13
0.109881 0.499185 -5.8109e-13
0.10996 0.499525 -5.82365e-13
0.110039 0.499865 -5.83003e-13
0.110118 0.500206 -5.83959e-13
0.110197 0.500546 -5.85393e-13
0.110276 0.500887 -5.85553e-13
0.110361 0.501256 -5.86668e-13
0.11044 0.501596 -5.87625e-13
0.110519 0.501936 -5.8874e-13
0.110609 0.502325 -5.89059e-13
0.110688 0.502665 -5.90334e-13
0.110767 0.503004 -5.90175e-13
0.110845 0.503344 -5.92087e-13
0.110924 0.503684 -5.91928e-13
0.111003 0.504023 -5.93043e-13
0.111082 0.504364 -5.94956e-13
0.11116 0.504703 -5.95434e-13
0.111239 0.505042 -5.95593e-13
0.111318 0.505382 -5.96709e-13
0.111396 0.505721 -5.97506e-13
0.111475 0.506061 -5.98622e-13
0.111554 0.506401 -5.99418e-13
0.111633 0.506745 -6.0165e-13
0.111712 0.507084 -6.01012e-13
0.111791 0.507423 -6.02287e-13
0.111869 0.507762 -6.02925e-13
0.111948 0.508101 -6.0404e-13
0.112026 0.50844 -6.06272e-13
0.112105 0.508779 -6.05953e-13
0.112194 0.509167 -6.08503e-13
0.112277 0.509523 -6.07547e-13
0.112356 0.509862 -6.08822e-13
0.112434 0.510202 -6.09937e-13
0.112513 0.510541 -6.10575e-13
0.112591 0.51088 -6.11053e-13
0.112679 0.511257 -6.12647e-13
0.112757 0.511596 -6.13922e-13
0.112836 0.511934 -6.13603e-13
0.112914 0.512273 -6.14559e-13
0.112992 0.512611 -6.16312e-13
0.113071 0.51295 -6.17269e-13
0.113161 0.513339 -6.17747e-13
0.113239 0.513679 -6.18703e-13
0.113318 0.514017 -6.19659e-13
0.113396 0.514356 -6.21094e-13
0.113475 0.514694 -6.21731e-13
0.113553 0.515033 -6.21891e-13
0.113632 0.515373 -6.24281e-13
0.11371 0.515713 -6.246e-13
0.11379 0.516055 -6.25875e-13
0.113868 0.516393 -6.26194e-13
0.113946 0.516732 -6.27469e-13
0.114025 0.51707 -6.29381e-13
0.114113 0.517452 -6.30019e-13
0.114202 0.517838 -6.30656e-13
0.114281 0.518177 -6.31453e-13
0.114359 0.518515 -6.31135e-13
0.114438 0.518854 -6.32728e-13
0.114516 0.519192 -6.33844e-13
0.114594 0.519531 -6.34481e-13
0.114673 0.51987 -6.35916e-13
0.114751 0.520208 -6.35756e-13
0.114829 0.520547 -6.37191e-13
0.114908 0.520887 -6.38307e-13
0.114986 0.521226 -6.39263e-13
0.11507 0.521589 -6.4006e-13
0.115149 0.521927 -6.40857e-13
0.115227 0.522265 -6.4245e-13
0.115305 0.522604 -6.43407e-13
0.115384 0.522942 -6.43407e-13
0.115462 0.523282 -6.44522e-13
0.115541 0.523621 -6.47072e-13
0.115619 0.523958 -6.45638e-13
0.115697 0.524297 -6.46435e-13
0.115775 0.524635 -6.48029e-13
0.115865 0.525022 -6.501e-13
0.115954 0.525406 -6.5026e-13
0.116032 0.525743 -6.51375e-13
0.11611 0.526081 -6.51694e-13
0.116188 0.52642 -6.52491e-13
0.116271 0.526778 -6.53926e-13
0.116349 0.527116 -6.54404e-13
0.116427 0.527454 -6.55679e-13
0.116505 0.527791 -6.56954e-13
0.116584 0.528131 -6.58229e-13
0.116662 0.528469 -6.58069e-13
0.116752 0.528858 -6.59663e-13
0.11683 0.529196 -6.60779e-13
0.116909 0.529534 -6.60779e-13
0.116987 0.529872 -6.62532e-13
0.117065 0.530209 -6.63329e-13
0.117143 0.530548 -6.64285e-13
0.117221 0.530885 -6.66198e-13
0.117299 0.531224 -6.68269e-13
0.117377 0.531561 -6.67791e-13
0.117455 0.531899 -6.67632e-13
0.117534 0.532239 -6.68588e-13
0.117624 0.532628 -6.70182e-13
0.117702 0.532965 -6.7082e-13
0.11778 0.533302 -6.71457e-13
0.117858 0.533639 -6.7337e-13
0.117936 0.533979 -6.72732e-13
0.118015 0.534317 -6.74326e-13
0.118093 0.534655 -6.75123e-13
0.118172 0.534996 -6.76557e-13
0.11825 0.535334 -6.76716e-13
0.118328 0.535672 -6.77354e-13
0.118406 0.536009 -6.77991e-13
0.118484 0.536347 -6.79745e-13
0.118565 0.5367 -6.8102e-13
0.118643 0.537037 -6.81498e-13
0.118721 0.537375 -6.83888e-13
0.118799 0.537713 -6.83888e-13
0.118877 0.53805 -6.84367e-13
0.118955 0.538387 -6.85163e-13
0.119033 0.538724 -6.86279e-13
0.119111 0.539063 -6.86598e-13
0.119202 0.539453 -6.88192e-13
0.119279 0.53979 -6.88829e-13
0.119361 0.540141 -6.90582e-13
0.119439 0.540478 -6.90423e-13
0.119516 0.540815 -6.92017e-13
0.119594 0.541152 -6.92495e-13
0.119681 0.541527 -6.93451e-13
0.119759 0.541864 -6.93451e-13
0.119836 0.5422 -6.94726e-13
0.119914 0.542538 -6.9632e-13
0.119993 0.542876 -6.96798e-13
0.12007 0.543213 -6.97276e-13
0.120161 0.543604 -6.98073e-13
0.120239 0.543942 -6.99348e-13
0.120317 0.544281 -7.01579e-13
0.120395 0.544617 -7.01261e-13
0.120473 0.544955 -7.02695e-13
0.120551 0.545293 -7.03173e-13
0.120629 0.54563 -7.04289e-13
0.120713 0.545997 -7.05086e-13
0.120791 0.546334 -7.05883e-13
0.120869 0.546671 -7.07476e-13
0.120947 0.547008 -7.08592e-13
0.121025 0.547345 -7.09229e-13
0.121102 0.547681 -7.09389e-13
0.121185 0.548038 -7.10823e-13
0.121262 0.548374 -7.11461e-13
0.12134 0.548711 -7.12576e-13
0.121418 0.549048 -7.13533e-13
0.121496 0.549385 -7.14648e-13
0.121573 0.549721 -7.16561e-13
0.121655 0.550073 -7.17358e-13
0.121732 0.550409 -7.17517e-13
0.12181 0.550745 -7.18473e-13
0.121888 0.551082 -7.1927e-13
0.121969 0.551436 -7.20067e-13
0.122047 0.551773 -7.21183e-13
0.122125 0.552109 -7.21342e-13
0.122202 0.552445 -7.22458e-13
0.12228 0.552781 -7.22298e-13
0.122358 0.553118 -7.2453e-13
0.122435 0.553454 -7.25167e-13
0.122513 0.55379 -7.26123e-13
0.122604 0.554185 -7.26761e-13
0.122684 0.55453 -7.27877e-13
0.122761 0.554867 -7.28992e-13
0.122839 0.555203 -7.29949e-13
0.122916 0.555539 -7.30267e-13
0.122994 0.555875 -7.3202e-13
0.12308 0.556249 -7.32499e-13
0.123158 0.556586 -7.33933e-13
0.123235 0.556922 -7.34411e-13
0.123314 0.55726 -7.35367e-13
0.123391 0.557597 -7.36005e-13
0.123469 0.557933 -7.36642e-13
0.123546 0.558269 -7.38396e-13
0.123624 0.558605 -7.38874e-13
0.123701 0.558941 -7.38396e-13
0.123779 0.559277 -7.41424e-13
0.123857 0.559614 -7.41264e-13
0.123934 0.55995 -7.42221e-13
0.124012 0.560286 -7.43814e-13
0.124089 0.560622 -7.44611e-13
0.124167 0.560958 -7.45089e-13
0.124255 0.561341 -7.45408e-13
0.124332 0.561676 -7.47799e-13
0.12441 0.562012 -7.48596e-13
0.124487 0.562348 -7.49393e-13
0.124565 0.562685 -7.49871e-13
0.124643 0.563021 -7.50827e-13
0.12472 0.563357 -7.52421e-13
0.124798 0.563693 -7.53058e-13
0.124875 0.564029 -7.53855e-13
0.124961 0.564402 -7.54971e-13
0.125039 0.564739 -7.55927e-13
0.125116 0.565075 -7.56405e-13
0.125194 0.56541 -7.5784e-13
0.125271 0.565746 -7.5784e-13
0.125348 0.566082 -7.59593e-13
0.125426 0.56642 -7.59911e-13
0.125524 0.566842 -7.61187e-13
0.125601 0.567178 -7.61665e-13
0.125679 0.567514 -7.6294e-13
0.125756 0.56785 -7.63099e-13
0.125833 0.568185 -7.64055e-13
0.125911 0.568521 -7.66287e-13
0.125988 0.568856 -7.66127e-13
0.126066 0.569193 -7.67243e-13
0.126143 0.569529 -7.68518e-13
0.12622 0.569865 -7.69952e-13
0.126298 0.5702 -7.70271e-13
0.126375 0.570536 -7.71705e-13
0.126455 0.570881 -7.71227e-13
0.126553 0.571305 -7.73459e-13
0.12663 0.571641 -7.73937e-13
0.126707 0.571976 -7.74893e-13
0.126785 0.572312 -7.7569e-13
0.126862 0.572648 -7.76168e-13
0.126939 0.572983 -7.76646e-13
0.127017 0.573319 -7.78399e-13
0.127094 0.573656 -7.79196e-13
0.127172 0.573991 -7.79993e-13
0.127249 0.574327 -7.81587e-13
0.127326 0.574663 -7.82543e-13
0.127404 0.574999 -7.83659e-13
0.127481 0.575335 -7.83977e-13
0.127559 0.575671 -7.85571e-13
0.127636 0.576007 -7.85571e-13
0.127713 0.576343 -7.86846e-13
0.127791 0.576679 -7.87165e-13
0.127868 0.577014 -7.87803e-13
0.127945 0.577349 -7.89874e-13
0.128023 0.577685 -7.89556e-13
0.1281 0.57802 -7.92584e-13
0.128177 0.578355 -7.92106e-13
0.128254 0.578691 -7.93699e-13
0.128332 0.579026 -7.94815e-13
0.128409 0.579362 -7.95931e-13
0.128486 0.579697 -7.97206e-13
0.128563 0.580033 -7.97046e-13
0.12864 0.580368 -7.97843e-13
0.128718 0.580703 -7.99278e-13
0.128795 0.58104 -7.99915e-13
0.128872 0.581375 -8.00393e-13
0.12895 0.58171 -8.02625e-13
0.129027 0.582045 -8.02943e-13
0.129104 0.58238 -8.03581e-13
0.129181 0.582716 -8.04378e-13
0.129274 0.583118 -8.05334e-13
0.129351 0.583455 -8.0645e-13
0.129429 0.58379 -8.07087e-13
0.129506 0.584125 -8.08203e-13
0.129583 0.58446 -8.10115e-13
0.12966 0.584795 -8.10434e-13
0.129737 0.58513 -8.10753e-13
0.129814 0.585465 -8.12347e-13
0.129891 0.5858 -8.13144e-13
0.129969 0.586136 -8.1394e-13
0.130054 0.586507 -8.15694e-13
0.130147 0.58691 -8.16012e-13
0.130224 0.587246 -8.16172e-13
0.130301 0.587581 -8.17606e-13
0.130378 0.587916 -8.18722e-13
0.130455 0.588251 -8.19837e-13
0.130533 0.588586 -8.21272e-13
0.130611 0.588924 -8.2175e-13
0.130688 0.589259 -8.22706e-13
0.130765 0.589594 -8.23344e-13
0.130842 0.589929 -8.23662e-13
0.130919 0.590264 -8.25734e-13
0.130996 0.590599 -8.26531e-13
0.131073 0.590934 -8.2685e-13
0.13115 0.591269 -8.29081e-13
0.131227 0.591603 -8.294e-13
0.131304 0.591938 -8.30834e-13
0.131381 0.592273 -8.30675e-13
0.131458 0.592608 -8.3195e-13
0.131535 0.592942 -8.33703e-13
0.131612 0.593277 -8.34978e-13
0.131689 0.593612 -8.36731e-13
0.131767 0.593948 -8.36572e-13
0.131844 0.594283 -8.36572e-13
0.131921 0.594619 -8.37369e-13
0.131998 0.594954 -8.396e-13
0.132075 0.595288 -8.40556e-13
0.132152 0.595623 -8.40875e-13
0.132245 0.596028 -8.41831e-13
0.132322 0.596364 -8.42628e-13
0.132399 0.596699 -8.43585e-13
0.132476 0.597033 -8.45497e-13
0.132553 0.597368 -8.44382e-13
0.13263 0.597704 -8.47091e-13
0.132707 0.598038 -8.49003e-13
0.132785 0.598373 -8.498e-13
0.132878 0.59878 -8.50597e-13
0.132955 0.599115 -8.51872e-13
0.133032 0.59945 -8.52191e-13
0.133127 0.599863 -8.52988e-13
0.133204 0.600197 -8.54582e-13
0.133298 0.600605 -8.54263e-13
0.133375 0.60094 -8.57929e-13
0.133452 0.601274 -8.56335e-13
0.133547 0.601689 -8.58407e-13
0.133624 0.602025 -8.59522e-13
0.133707 0.602386 -8.59841e-13
0.133784 0.602721 -8.61116e-13
0.133861 0.603056 -8.62232e-13
0.133949 0.603437 -8.63347e-13
0.134026 0.603772 -8.63666e-13
0.134103 0.604106 -8.65579e-13
0.13418 0.604441 -8.65897e-13
0.134257 0.604775 -8.67172e-13
0.134334 0.60511 -8.68129e-13
0.134411 0.605448 -8.69723e-13
0.134488 0.605783 -8.70519e-13
0.134565 0.606118 -8.72273e-13
0.134642 0.606452 -8.71794e-13
0.134719 0.606786 -8.73069e-13
0.134796 0.607121 -8.74504e-13
0.134873 0.607455 -8.74504e-13
0.134949 0.607789 -8.77054e-13
0.135026 0.608124 -8.77054e-13
0.135103 0.608458 -8.7817e-13
0.13518 0.608794 -8.79923e-13
0.135257 0.609129 -8.81038e-13
0.135334 0.609463 -8.81676e-13
0.135411 0.609798 -8.82154e-13
0.135488 0.610132 -8.83907e-13
0.135565 0.610467 -8.85023e-13
0.135642 0.610802 -8.85182e-13
0.135719 0.611136 -8.86776e-13
0.135795 0.611471 -8.87573e-13
0.135873 0.611807 -8.88848e-13
0.13595 0.612141 -8.89485e-13
0.136026 0.612475 -8.91238e-13
0.136107 0.612825 -8.91557e-13
0.136183 0.61316 -8.93151e-13
0.13626 0.613494 -8.92195e-13
0.136337 0.613828 -8.94904e-13
0.136414 0.614163 -8.95701e-13
0.136491 0.614497 -8.96657e-13
0.136568 0.614832 -8.97773e-13
0.136644 0.615166 -8.99845e-13
0.136721 0.6155 -8.99207e-13
0.136798 0.615834 -9.01279e-13
0.136875 0.616168 -9.01598e-13
0.136951 0.616502 -9.02554e-13
0.137028 0.616836 -9.0367e-13
0.137105 0.617171 -9.04786e-13
0.137182 0.617505 -9.05423e-13
0.137258 0.617839 -9.06698e-13
0.137335 0.618173 -9.07495e-13
0.137424 0.618558 -9.0877e-13
0.1375 0.618892 -9.09726e-13
0.137577 0.619226 -9.10523e-13
0.137654 0.619562 -9.1132e-13
0.137731 0.619897 -9.13392e-13
0.137808 0.620231 -9.13711e-13
0.137884 0.620565 -9.14348e-13
0.137961 0.620899 -9.15623e-13
0.138038 0.621234 -9.17058e-13
0.138115 0.621568 -9.16739e-13
0.138192 0.621902 -9.17376e-13
0.138286 0.622313 -9.1897e-13
0.138363 0.622647 -9.19926e-13
0.138439 0.622982 -9.20405e-13
0.138516 0.623316 -9.21201e-13
0.138593 0.62365 -9.22476e-13
0.13867 0.623984 -9.23911e-13
0.138746 0.624318 -9.22955e-13
0.138823 0.624653 -9.25345e-13
0.1389 0.624987 -9.26142e-13
0.138996 0.625405 -9.27258e-13
0.139072 0.62574 -9.27895e-13
0.139169 0.62616 -9.28533e-13
0.139246 0.626495 -9.2917e-13
0.139323 0.626829 -9.29967e-13
0.139399 0.627164 -9.32039e-13
0.139476 0.627499 -9.32836e-13
0.139553 0.627834 -9.33633e-13
0.13963 0.628168 -9.3427e-13
0.139725 0.628582 -9.35545e-13
0.139802 0.628916 -9.35864e-13
0.139878 0.62925 -9.36342e-13
0.139955 0.629584 -9.38095e-13
0.140032 0.629921 -9.38892e-13
0.140109 0.630256 -9.3953e-13
0.140186 0.630591 -9.40486e-13
0.140263 0.630925 -9.41124e-13
0.140339 0.63126 -9.42877e-13
0.140416 0.631594 -9.42399e-13
0.140493 0.631929 -9.44152e-13
0.14057 0.632264 -9.44471e-13
0.14065 0.632615 -9.46542e-13
0.140727 0.632949 -9.46861e-13
0.140804 0.633284 -9.48136e-13
0.140881 0.633619 -9.49571e-13
0.140957 0.633954 -9.49411e-13
0.141034 0.634288 -9.51164e-13
0.141111 0.634625 -9.51643e-13
0.141188 0.634961 -9.52599e-13
0.141265 0.635295 -9.54671e-13
0.141342 0.635632 -9.55308e-13
0.141419 0.635967 -9.55786e-13
0.141496 0.636302 -9.56743e-13
0.141573 0.636637 -9.57221e-13
0.14165 0.636972 -9.58336e-13
0.141728 0.637311 -9.58177e-13
0.141825 0.637735 -9.59611e-13
0.141902 0.638072 -9.60408e-13
0.141979 0.638408 -9.61524e-13
0.142056 0.638744 -9.61843e-13
0.142134 0.639081 -9.62161e-13
0.142211 0.639416 -9.62958e-13
0.142288 0.639752 -9.64233e-13
0.142365 0.640088 -9.67102e-13
0.142441 0.640424 -9.65349e-13
0.142519 0.640762 -9.66943e-13
0.142596 0.641099 -9.68058e-13
0.142673 0.641435 -9.68218e-13
0.14275 0.641771 -9.68696e-13
0.142827 0.642107 -9.69174e-13
0.142904 0.642443 -9.69971e-13
0.142981 0.642778 -9.71246e-13
0.143058 0.643115 -9.71883e-13
0.143136 0.643452 -9.72521e-13
0.143213 0.643788 -9.74274e-13
0.14329 0.644125 -9.74433e-13
0.143367 0.644462 -9.75071e-13
0.143444 0.644798 -9.76187e-13
0.143522 0.645135 -9.77143e-13
0.143599 0.645473 -9.77462e-13
0.143677 0.645812 -9.78099e-13
0.143754 0.64615 -9.78577e-13
0.143833 0.646491 -9.79055e-13
0.14391 0.646828 -9.8049e-13
0.143988 0.647167 -9.80809e-13
0.144065 0.647504 -9.82562e-13
0.144142 0.647841 -9.8288e-13
0.144219 0.648178 -9.83837e-13
0.144297 0.648517 -9.84315e-13
0.144374 0.648854 -9.85112e-13
0.144452 0.649194 -9.86706e-13
0.14453 0.649532 -9.87662e-13
0.144607 0.649869 -9.88459e-13
0.144684 0.650207 -9.88777e-13
0.144762 0.650547 -9.89734e-13
0.14484 0.650885 -9.90052e-13
0.14493 0.651279 -9.91487e-13
0.145007 0.651617 -9.91806e-13
0.145085 0.651956 -9.9324e-13
0.145162 0.652294 -9.9324e-13
0.14524 0.652632 -9.94674e-13
0.145318 0.652974 -9.96109e-13
0.145407 0.653362 -9.96268e-13
0.145485 0.6537 -9.97543e-13
0.145562 0.654039 -9.98021e-13
0.14564 0.654378 -9.98978e-13
0.145718 0.654717 -9.99615e-13
0.145795 0.655056 -1.00009e-12
0.145874 0.655399 -1.00169e-12
0.145952 0.655738 -1.00169e-12
0.146029 0.656078 -1.0028e-12
0.146107 0.656417 -1.00392e-12
0.146185 0.656757 -1.00408e-12
0.146263 0.657097 -1.00487e-12
0.146341 0.657437 -1.00679e-12
0.146419 0.657777 -1.00583e-12
0.146497 0.658121 -1.00711e-12
0.146576 0.658463 -1.00854e-12
0.146672 0.658885 -1.00806e-12
0.14675 0.659226 -1.00966e-12
0.146829 0.659569 -1.00997e-12
0.146907 0.659911 -1.01109e-12
0.146985 0.660252 -1.01141e-12
0.147064 0.660594 -1.01284e-12
0.147142 0.660936 -1.01396e-12
0.14722 0.661278 -1.01444e-12
0.147299 0.661621 -1.01635e-12
0.147377 0.661964 -1.01715e-12
0.147456 0.662306 -1.01667e-12
0.147534 0.662649 -1.01619e-12
0.147613 0.662991 -1.01906e-12
0.147691 0.663334 -1.01986e-12
0.147769 0.663676 -1.01954e-12
0.147848 0.66402 -1.02081e-12
0.147927 0.664364 -1.02145e-12
0.148006 0.664708 -1.02304e-12
0.148084 0.665051 -1.02336e-12
0.148163 0.665395 -1.02512e-12
0.148242 0.665739 -1.02527e-12
0.148338 0.666158 -1.02607e-12
0.148416 0.666502 -1.02607e-12
0.148496 0.666848 -1.02751e-12
0.148574 0.667192 -1.02846e-12
0.148653 0.667537 -1.02894e-12
0.148732 0.667882 -1.03053e-12
0.148811 0.668228 -1.03117e-12
0.14889 0.668573 -1.03245e-12
0.148969 0.668919 -1.03324e-12
0.149048 0.669264 -1.03388e-12
0.149128 0.66961 -1.03516e-12
0.149207 0.669958 -1.03516e-12
0.149287 0.670306 -1.03707e-12
0.149366 0.670653 -1.03771e-12
0.149446 0.670999 -1.03818e-12
0.149525 0.671346 -1.03882e-12
0.149604 0.671694 -1.03914e-12
0.149694 0.672084 -1.04089e-12
0.149773 0.672431 -1.04153e-12
0.149852 0.672778 -1.04249e-12
0.149932 0.673126 -1.04297e-12
0.150027 0.673542 -1.04488e-12
0.150107 0.673891 -1.04552e-12
0.150187 0.67424 -1.04568e-12
0.150267 0.674588 -1.04663e-12
0.150346 0.674936 -1.04775e-12
0.150427 0.675288 -1.04838e-12
0.150507 0.675637 -1.04998e-12
0.150587 0.675987 -1.05078e-12
0.150666 0.676336 -1.05157e-12
0.150746 0.676685 -1.05285e-12
0.150826 0.677034 -1.05285e-12
0.150906 0.677384 -1.05428e-12
0.150986 0.677734 -1.0554e-12
0.151066 0.678084 -1.05603e-12
0.151146 0.678434 -1.05715e-12
0.151227 0.678787 -1.05795e-12
0.151309 0.679145 -1.05906e-12
0.151405 0.679563 -1.06002e-12
0.1515 0.679982 -1.06018e-12
0.151581 0.680333 -1.06241e-12
0.151661 0.680683 -1.06305e-12
0.151741 0.681034 -1.06225e-12
0.151821 0.681385 -1.06464e-12
0.151901 0.681735 -1.06496e-12
0.151993 0.682138 -1.0656e-12
0.152074 0.682489 -1.06767e-12
0.152154 0.682839 -1.06687e-12
0.152234 0.683189 -1.06894e-12
0.152314 0.683541 -1.06974e-12
0.152394 0.683891 -1.07022e-12
0.152484 0.684283 -1.07133e-12
0.152577 0.684691 -1.07261e-12
0.152657 0.685042 -1.07309e-12
0.152737 0.685392 -1.07373e-12
0.152818 0.685745 -1.075e-12
0.152898 0.686095 -1.07564e-12
0.152978 0.686445 -1.07691e-12
0.153058 0.686795 -1.07771e-12
0.153138 0.687148 -1.07851e-12
0.153234 0.687567 -1.07962e-12
0.153314 0.687917 -1.08058e-12
0.15341 0.688336 -1.08058e-12
0.15349 0.688687 -1.08169e-12
0.15357 0.689036 -1.08281e-12
0.15365 0.689386 -1.08377e-12
0.153746 0.689805 -1.08552e-12
0.153826 0.690158 -1.08536e-12
0.153907 0.690512 -1.08695e-12
0.153987 0.690861 -1.08775e-12
0.154083 0.691282 -1.08839e-12
0.154164 0.691635 -1.09014e-12
0.154244 0.691985 -1.08998e-12
0.154324 0.692335 -1.09174e-12
0.154404 0.692687 -1.09253e-12
0.154485 0.693039 -1.09301e-12
0.154565 0.693389 -1.09365e-12
0.154645 0.69374 -1.09476e-12
0.154741 0.694162 -1.09556e-12
0.154821 0.694512 -1.09699e-12
0.154901 0.694862 -1.09747e-12
0.154981 0.695212 -1.09907e-12
0.155061 0.695563 -1.09843e-12
0.155142 0.695918 -1.09954e-12
0.155223 0.69627 -1.1005e-12
0.155303 0.696621 -1.10146e-12
0.155383 0.696972 -1.10321e-12
0.155463 0.697323 -1.10289e-12
0.155543 0.697674 -1.10433e-12
0.155624 0.698028 -1.10496e-12
0.155723 0.69846 -1.10592e-12
0.155803 0.698812 -1.10656e-12
0.155884 0.699165 -1.10719e-12
0.155964 0.699517 -1.10847e-12
0.156045 0.69987 -1.10927e-12
0.156125 0.700223 -1.10927e-12
0.156206 0.700575 -1.11038e-12
0.156286 0.700927 -1.11134e-12
0.156367 0.701281 -1.11245e-12
0.15645 0.701646 -1.11325e-12
0.156547 0.702067 -1.11437e-12
0.156627 0.702421 -1.115e-12
0.156708 0.702774 -1.11596e-12
0.15679 0.703132 -1.11644e-12
0.15687 0.703485 -1.11644e-12
0.156951 0.703839 -1.11867e-12
0.157032 0.704193 -1.11947e-12
0.157113 0.704547 -1.11995e-12
0.157193 0.704901 -1.12026e-12
0.157277 0.705268 -1.12138e-12
0.157358 0.705622 -1.1225e-12
0.15744 0.705981 -1.12409e-12
0.157521 0.706337 -1.12393e-12
0.157604 0.706701 -1.12584e-12
0.157685 0.707056 -1.12505e-12
0.157766 0.707411 -1.126e-12
0.157847 0.707766 -1.12791e-12
0.157929 0.708123 -1.12807e-12
0.15801 0.708478 -1.12807e-12
0.158091 0.708833 -1.12951e-12
0.158172 0.709189 -1.12967e-12
0.158253 0.709545 -1.13126e-12
0.158334 0.709901 -1.13238e-12
0.158416 0.710257 -1.13254e-12
0.158511 0.710675 -1.13317e-12
0.158592 0.711032 -1.13477e-12
0.158674 0.711388 -1.13461e-12
0.158755 0.711746 -1.1362e-12
0.158843 0.712129 -1.13748e-12
0.158925 0.712487 -1.13795e-12
0.159007 0.712847 -1.13939e-12
0.159089 0.713207 -1.13987e-12
0.15917 0.713564 -1.14066e-12
0.159252 0.713922 -1.14035e-12
0.159334 0.71428 -1.14226e-12
0.159428 0.714696 -1.14258e-12
0.15951 0.715055 -1.14321e-12
0.159592 0.715416 -1.14369e-12
0.159675 0.715776 -1.14497e-12
0.159769 0.71619 -1.14592e-12
0.159851 0.71655 -1.148e-12
0.159933 0.71691 -1.14688e-12
0.160016 0.717273 -1.1472e-12
0.160098 0.717633 -1.14879e-12
0.160185 0.718014 -1.14943e-12
0.160268 0.718378 -1.14991e-12
0.160352 0.718747 -1.1507e-12
0.160445 0.719156 -1.15134e-12
0.160529 0.719521 -1.15198e-12
0.160611 0.719883 -1.1515e-12
0.160693 0.720244 -1.15262e-12
0.160776 0.720606 -1.15357e-12
0.160859 0.720969 -1.15533e-12
0.160941 0.721331 -1.15676e-12
0.161024 0.721694 -1.15724e-12
0.161117 0.7221 -1.15788e-12
0.1612 0.722468 -1.15788e-12
0.161283 0.722831 -1.15867e-12
0.161366 0.723196 -1.15883e-12
0.161449 0.72356 -1.16075e-12
0.161532 0.723925 -1.16043e-12
0.161616 0.724292 -1.16122e-12
0.161699 0.724658 -1.1625e-12
0.161783 0.725023 -1.1633e-12
0.161866 0.725389 -1.16505e-12
0.161949 0.725755 -1.16521e-12
0.162033 0.726122 -1.16489e-12
0.162117 0.726489 -1.16537e-12
0.162201 0.72686 -1.16696e-12
0.162291 0.727254 -1.16744e-12
0.162383 0.72766 -1.16871e-12
0.162467 0.728027 -1.16871e-12
0.162551 0.728396 -1.17015e-12
0.162635 0.728764 -1.17015e-12
0.162719 0.729134 -1.17111e-12
0.162803 0.729504 -1.17126e-12
0.162887 0.729873 -1.17286e-12
0.162978 0.730273 -1.17318e-12
0.163063 0.730643 -1.17413e-12
0.163147 0.731013 -1.17445e-12
0.163232 0.731387 -1.17764e-12
0.163318 0.731763 -1.17621e-12
0.163402 0.732133 -1.17716e-12
0.163486 0.732504 -1.17716e-12
0.163577 0.732904 -1.17876e-12
0.163662 0.733276 -1.17955e-12
0.163747 0.73365 -1.18051e-12
0.163832 0.734024 -1.18099e-12
0.163917 0.734396 -1.18146e-12
0.164002 0.734769 -1.18258e-12
0.164087 0.735144 -1.18306e-12
0.164172 0.735517 -1.18306e-12
0.164257 0.735892 -1.1837e-12
0.164342 0.736266 -1.18465e-12
0.164428 0.736641 -1.18593e-12
0.164513 0.737016 -1.18609e-12
0.164604 0.737417 -1.18656e-12
0.16469 0.737792 -1.1872e-12
0.164781 0.738192 -1.188e-12
0.164866 0.738568 -1.1888e-12
0.164952 0.738944 -1.18911e-12
0.165044 0.739348 -1.19007e-12
0.165132 0.739736 -1.19166e-12
0.165217 0.740112 -1.19151e-12
0.165303 0.740489 -1.19119e-12
0.165389 0.740866 -1.19214e-12
0.165474 0.741243 -1.1931e-12
0.16556 0.741621 -1.1939e-12
0.165646 0.741998 -1.19342e-12
0.165732 0.742376 -1.19453e-12
0.165818 0.742754 -1.19581e-12
0.165904 0.743132 -1.19676e-12
0.16599 0.743511 -1.19708e-12
0.166076 0.743892 -1.1974e-12
0.166163 0.744272 -1.19836e-12
0.166249 0.744651 -1.19804e-12
0.166335 0.74503 -1.19916e-12
0.166421 0.74541 -1.19979e-12
0.166508 0.745789 -1.19979e-12
0.166594 0.746169 -1.20123e-12
0.16668 0.746549 -1.20202e-12
0.166766 0.746929 -1.20139e-12
0.166853 0.74731 -1.20234e-12
0.166941 0.747697 -1.20282e-12
0.167027 0.748078 -1.20378e-12
0.167114 0.748459 -1.20442e-12
0.1672 0.74884 -1.20521e-12
0.167287 0.749221 -1.20569e-12
0.167374 0.749603 -1.20617e-12
0.16746 0.749985 -1.20744e-12
0.167547 0.750367 -1.20712e-12
0.167635 0.750753 -1.20776e-12
0.167722 0.751136 -1.20824e-12
0.167808 0.751519 -1.20872e-12
0.167897 0.751908 -1.2092e-12
0.167984 0.752291 -1.20952e-12
0.168072 0.752679 -1.21047e-12
0.168159 0.753064 -1.21175e-12
0.168246 0.753449 -1.21254e-12
0.168333 0.753833 -1.21238e-12
0.168421 0.754218 -1.21286e-12
0.168508 0.754602 -1.21382e-12
0.168595 0.754987 -1.21446e-12
0.168683 0.755373 -1.21509e-12
0.16877 0.755758 -1.21525e-12
0.168858 0.756144 -1.21509e-12
0.168945 0.756528 -1.21621e-12
0.169032 0.756912 -1.21605e-12
0.169119 0.757296 -1.21732e-12
0.169206 0.757681 -1.21764e-12
0.169294 0.758068 -1.21844e-12
0.16938 0.75845 -1.2194e-12
0.169467 0.758832 -1.22003e-12
0.169553 0.759215 -1.22019e-12
0.16964 0.759598 -1.22019e-12
0.169727 0.759979 -1.22115e-12
0.169813 0.760361 -1.22242e-12
0.1699 0.760742 -1.22211e-12
0.169986 0.761123 -1.2229e-12
0.170072 0.761505 -1.22386e-12
0.170159 0.761887 -1.22386e-12
0.170245 0.762267 -1.22482e-12
0.170331 0.762648 -1.22434e-12
0.170417 0.763028 -1.22593e-12
0.170503 0.763408 -1.22657e-12
0.17059 0.763789 -1.22705e-12
0.170675 0.764169 -1.228e-12
0.170762 0.76455 -1.22928e-12
0.170848 0.764929 -1.22928e-12
0.170933 0.765309 -1.22928e-12
0.17102 0.765689 -1.23007e-12
0.171105 0.766068 -1.23039e-12
0.171191 0.766448 -1.23055e-12
0.171278 0.766832 -1.23215e-12
0.171364 0.767211 -1.23231e-12
0.171449 0.76759 -1.23342e-12
0.171535 0.767968 -1.23326e-12
0.171621 0.768347 -1.23486e-12
0.171706 0.768725 -1.23454e-12
0.171792 0.769107 -1.23502e-12
0.171879 0.769487 -1.23645e-12
0.171965 0.769868 -1.23613e-12
0.17205 0.770246 -1.23661e-12
0.172136 0.770625 -1.23725e-12
0.172221 0.771003 -1.239e-12
0.172307 0.771381 -1.23996e-12
0.172392 0.771759 -1.23916e-12
0.172477 0.772137 -1.23964e-12
0.172563 0.772515 -1.24059e-12
0.172648 0.772893 -1.24059e-12
0.172736 0.773284 -1.24123e-12
0.172822 0.773662 -1.24235e-12
0.172909 0.774045 -1.24267e-12
0.172994 0.774423 -1.24394e-12
0.173079 0.774802 -1.24314e-12
0.173165 0.77518 -1.2441e-12
0.173251 0.775561 -1.24426e-12
0.173336 0.77594 -1.24585e-12
0.173422 0.776319 -1.24553e-12
0.173507 0.776697 -1.24697e-12
0.173592 0.777074 -1.24745e-12
0.173679 0.777457 -1.24793e-12
0.173764 0.777834 -1.24888e-12
0.173849 0.778211 -1.24793e-12
0.173934 0.778588 -1.24952e-12
0.174019 0.778966 -1.24952e-12
0.174108 0.779359 -1.25048e-12
0.174193 0.779736 -1.25159e-12
0.174278 0.780113 -1.25207e-12
0.174363 0.780491 -1.25127e-12
0.174448 0.780868 -1.25271e-12
0.174534 0.781248 -1.2535e-12
0.174619 0.781624 -1.2551e-12
0.174709 0.782025 -1.2543e-12
0.174794 0.782401 -1.2543e-12
0.17488 0.782781 -1.25542e-12
0.174965 0.78316 -1.25733e-12
0.17505 0.783539 -1.25558e-12
0.175135 0.783915 -1.25828e-12
0.17522 0.784291 -1.25765e-12
0.175305 0.784667 -1.25828e-12
0.17539 0.785047 -1.25956e-12
0.175479 0.785441 -1.26036e-12
0.175564 0.785818 -1.26052e-12
0.175649 0.786194 -1.26115e-12
0.175734 0.786575 -1.26179e-12
0.175819 0.786952 -1.26147e-12
0.175904 0.787329 -1.26307e-12
0.175989 0.787705 -1.26323e-12
0.176073 0.78808 -1.26291e-12
0.176158 0.788455 -1.26482e-12
0.176242 0.78883 -1.26418e-12
0.176326 0.789205 -1.26482e-12
0.176411 0.78958 -1.2653e-12
0.176496 0.789957 -1.26641e-12
0.17658 0.790331 -1.26737e-12
0.176664 0.790707 -1.26817e-12
0.176749 0.791081 -1.2688e-12
0.176833 0.791456 -1.26864e-12
0.176918 0.791833 -1.26976e-12
0.177003 0.79221 -1.27151e-12
0.177087 0.792584 -1.27072e-12
0.177173 0.792966 -1.27119e-12
0.177266 0.79338 -1.27263e-12
0.17735 0.793754 -1.27199e-12
0.177435 0.794134 -1.27358e-12
0.17752 0.79451 -1.27422e-12
0.177604 0.794885 -1.27422e-12
0.177691 0.795272 -1.27486e-12
0.177778 0.795659 -1.27629e-12
0.177862 0.796033 -1.27661e-12
0.177947 0.796409 -1.27661e-12
0.178031 0.796783 -1.27773e-12
0.178115 0.797158 -1.27709e-12
0.178199 0.797531 -1.27693e-12
0.178283 0.797905 -1.27884e-12
0.178367 0.798278 -1.279e-12
0.178451 0.798653 -1.27932e-12
0.178535 0.799026 -1.2806e-12
0.178618 0.799399 -1.28155e-12
0.178703 0.799776 -1.28187e-12
0.178786 0.800148 -1.28203e-12
0.17887 0.800519 -1.28283e-12
0.178955 0.800899 -1.28363e-12
0.179038 0.80127 -1.2849e-12
0.179121 0.801639 -1.28442e-12
0.179204 0.80201 -1.28586e-12
0.179287 0.80238 -1.28554e-12
0.17937 0.802749 -1.28681e-12
0.179453 0.803119 -1.28761e-12
0.179536 0.803489 -1.28777e-12
0.179619 0.803859 -1.28904e-12
0.179702 0.804227 -1.29e-12
0.179785 0.804596 -1.29096e-12
0.179869 0.80497 -1.29112e-12
0.179952 0.805342 -1.2908e-12
0.180034 0.805708 -1.29223e-12
0.180117 0.806078 -1.29271e-12
0.1802 0.806448 -1.29255e-12
0.180282 0.806813 -1.29414e-12
0.180364 0.807178 -1.29446e-12
0.180445 0.807542 -1.29462e-12
0.180527 0.807905 -1.29542e-12
0.180608 0.808268 -1.29606e-12
0.180689 0.808631 -1.29685e-12
0.180771 0.808996 -1.29781e-12
0.180852 0.809357 -1.29893e-12
0.180933 0.809721 -1.29845e-12
0.181014 0.810081 -1.29924e-12
0.181095 0.810443 -1.3002e-12
0.181177 0.81081 -1.30036e-12
0.181258 0.81117 -1.30132e-12
0.181339 0.811531 -1.30148e-12
0.18142 0.811892 -1.30195e-12
0.1815 0.812252 -1.30339e-12
0.181581 0.812612 -1.30355e-12
0.181662 0.812972 -1.30434e-12
0.181743 0.813335 -1.30482e-12
0.181829 0.813721 -1.30594e-12
0.18191 0.814082 -1.30578e-12
0.181991 0.814443 -1.30721e-12
0.182072 0.814804 -1.30753e-12
0.182152 0.815165 -1.30849e-12
0.182233 0.815526 -1.30865e-12
0.182314 0.815888 -1.30897e-12
0.182396 0.816254 -1.3104e-12
0.182477 0.816616 -1.31104e-12
0.182558 0.816978 -1.31072e-12
0.182639 0.81734 -1.31152e-12
0.182721 0.817709 -1.31231e-12
0.182803 0.818076 -1.31343e-12
0.182885 0.818438 -1.31311e-12
0.182966 0.818802 -1.31391e-12
0.183047 0.819166 -1.31407e-12
0.183129 0.819533 -1.31534e-12
0.183211 0.819899 -1.31566e-12
0.183293 0.820265 -1.31646e-12
0.183374 0.820629 -1.31694e-12
0.183456 0.820994 -1.31741e-12
0.183537 0.821359 -1.31757e-12
0.183619 0.821725 -1.31885e-12
0.183701 0.82209 -1.31933e-12
0.183783 0.82246 -1.31901e-12
0.183865 0.822826 -1.3206e-12
0.183947 0.823192 -1.3206e-12
0.184028 0.823558 -1.32219e-12
0.18411 0.823924 -1.32188e-12
0.184193 0.824295 -1.32427e-12
0.184275 0.824663 -1.32411e-12
0.184357 0.825031 -1.32427e-12
0.184442 0.825412 -1.32586e-12
0.184526 0.825787 -1.3257e-12
0.184609 0.826157 -1.32618e-12
0.184692 0.826531 -1.32714e-12
0.184776 0.826905 -1.32698e-12
0.184858 0.827275 -1.32809e-12
0.184942 0.827651 -1.32873e-12
0.185025 0.828025 -1.32921e-12
0.185109 0.828399 -1.32985e-12
0.185192 0.828773 -1.33032e-12
0.185275 0.829144 -1.33128e-12
0.185358 0.829516 -1.3316e-12
0.185441 0.82989 -1.33271e-12
0.185525 0.830263 -1.33303e-12
0.185615 0.830668 -1.33399e-12
0.185698 0.831041 -1.33447e-12
0.185784 0.831426 -1.3351e-12
0.185868 0.831803 -1.33526e-12
0.185951 0.832178 -1.33686e-12
0.186035 0.832553 -1.33686e-12
0.186125 0.832956 -1.33702e-12
0.186208 0.833332 -1.33829e-12
0.186292 0.833708 -1.33797e-12
0.186376 0.834084 -1.33861e-12
0.186466 0.834485 -1.33877e-12
0.18655 0.834867 -1.33957e-12
0.186636 0.835251 -1.34164e-12
0.18672 0.835629 -1.34068e-12
0.186805 0.836008 -1.34116e-12
0.186889 0.836386 -1.3418e-12
0.186973 0.836766 -1.34244e-12
0.187058 0.837147 -1.34339e-12
0.187145 0.837538 -1.34387e-12
0.187231 0.837923 -1.34403e-12
0.187316 0.838304 -1.34451e-12
0.187402 0.838693 -1.34562e-12
0.187487 0.839075 -1.3461e-12
0.187573 0.83946 -1.34658e-12
0.187659 0.839844 -1.34642e-12
0.187744 0.840227 -1.34738e-12
0.187832 0.840624 -1.34738e-12
0.187918 0.841012 -1.3477e-12
0.188004 0.841397 -1.34897e-12
0.18809 0.841782 -1.34961e-12
0.188178 0.842178 -1.34993e-12
0.188264 0.842565 -1.35009e-12
0.188351 0.842959 -1.35088e-12
0.188438 0.843346 -1.35152e-12
0.188524 0.843735 -1.35072e-12
0.188611 0.844125 -1.352e-12
0.188698 0.844517 -1.35295e-12
0.188785 0.84491 -1.35375e-12
0.188872 0.845302 -1.35391e-12
0.188961 0.845701 -1.35471e-12
0.18905 0.846099 -1.35439e-12
0.189138 0.846494 -1.35519e-12
0.189225 0.846888 -1.3563e-12
0.189313 0.847284 -1.3563e-12
0.189401 0.84768 -1.35662e-12
0.18949 0.848078 -1.35805e-12
0.189578 0.848476 -1.35758e-12
0.189666 0.848874 -1.35885e-12
0.189755 0.849271 -1.35933e-12
0.189844 0.84967 -1.36029e-12
0.189932 0.850067 -1.35981e-12
0.190021 0.850468 -1.36108e-12
0.19011 0.85087 -1.36108e-12
0.190198 0.851265 -1.3614e-12
0.190286 0.85166 -1.36252e-12
0.190374 0.852055 -1.36315e-12
0.190462 0.852453 -1.36252e-12
0.19055 0.852851 -1.36395e-12
0.190638 0.853245 -1.36475e-12
0.190728 0.853651 -1.36507e-12
0.190818 0.854057 -1.36571e-12
0.190906 0.85445 -1.36586e-12
0.190994 0.854846 -1.3665e-12
0.191082 0.855242 -1.3673e-12
0.191172 0.855648 -1.36794e-12
0.19126 0.856043 -1.36826e-12
0.191347 0.856437 -1.36826e-12
0.191434 0.856829 -1.36937e-12
0.191522 0.857222 -1.37049e-12
0.191609 0.857614 -1.37096e-12
0.191696 0.858007 -1.37112e-12
0.191783 0.858399 -1.37144e-12
0.19187 0.85879 -1.37176e-12
0.191957 0.859182 -1.37144e-12
0.192045 0.859579 -1.37256e-12
0.192132 0.859971 -1.37367e-12
0.192219 0.860362 -1.37415e-12
0.192307 0.860754 -1.37447e-12
0.192394 0.861147 -1.37336e-12
0.192481 0.86154 -1.37606e-12
0.192569 0.861933 -1.37527e-12
0.192655 0.862324 -1.37702e-12
0.192743 0.862716 -1.37702e-12
0.19283 0.863108 -1.37814e-12
0.192917 0.863501 -1.37846e-12
0.193004 0.863893 -1.37957e-12
0.193091 0.864284 -1.38085e-12
0.193179 0.864678 -1.38069e-12
0.193266 0.865073 -1.38164e-12
0.193355 0.865469 -1.3818e-12
0.193442 0.865862 -1.38164e-12
0.19353 0.866259 -1.38292e-12
0.193619 0.866659 -1.38387e-12
0.193707 0.867053 -1.38467e-12
0.193795 0.867451 -1.38515e-12
0.193885 0.867852 -1.38579e-12
0.193973 0.868248 -1.38515e-12
0.194063 0.868652 -1.38738e-12
0.194151 0.869047 -1.38786e-12
0.19424 0.869447 -1.38834e-12
0.194329 0.869848 -1.38834e-12
0.194417 0.870244 -1.38993e-12
0.194515 0.870686 -1.39041e-12
0.194604 0.871083 -1.39168e-12
0.194692 0.871481 -1.39216e-12
0.194781 0.871881 -1.39296e-12
0.19487 0.87228 -1.39344e-12
0.19496 0.872682 -1.3936e-12
0.195049 0.873084 -1.39439e-12
0.195139 0.873484 -1.39519e-12
0.195228 0.873884 -1.39551e-12
0.195317 0.874283 -1.39662e-12
0.195406 0.874683 -1.39726e-12
0.195495 0.875082 -1.39758e-12
0.195584 0.875484 -1.39854e-12
0.195674 0.875884 -1.39933e-12
0.195763 0.876285 -1.40013e-12
0.195853 0.876686 -1.40109e-12
0.195943 0.87709 -1.40125e-12
0.196032 0.87749 -1.40156e-12
0.196122 0.877891 -1.40332e-12
0.196212 0.878292 -1.40348e-12
0.196301 0.878693 -1.4038e-12
0.196391 0.879093 -1.40443e-12
0.196481 0.879496 -1.40635e-12
0.19657 0.879896 -1.40619e-12
0.19666 0.880297 -1.40651e-12
0.19675 0.880696 -1.40762e-12
0.19684 0.881099 -1.40858e-12
0.19693 0.8815 -1.40906e-12
0.19702 0.881901 -1.41049e-12
0.19711 0.882303 -1.41081e-12
0.197201 0.882708 -1.41097e-12
0.197291 0.883108 -1.41161e-12
0.19738 0.883507 -1.41272e-12
0.19747 0.883906 -1.41304e-12
0.19756 0.884307 -1.41416e-12
0.197649 0.884705 -1.41416e-12
0.197739 0.885105 -1.41559e-12
0.197829 0.885506 -1.41639e-12
0.197919 0.885906 -1.41718e-12
0.198009 0.886304 -1.41814e-12
0.198098 0.886701 -1.41814e-12
0.198188 0.887098 -1.41894e-12
0.198278 0.887498 -1.42085e-12
0.198367 0.887895 -1.42037e-12
0.198457 0.888292 -1.42085e-12
0.198546 0.888688 -1.42165e-12
0.198635 0.889083 -1.42276e-12
0.198724 0.889479 -1.42197e-12
0.198814 0.889876 -1.42404e-12
0.198903 0.890272 -1.42436e-12
0.198992 0.890669 -1.42404e-12
0.199083 0.891069 -1.42515e-12
0.199172 0.891467 -1.42627e-12
0.199262 0.891862 -1.42675e-12
0.199351 0.89226 -1.42691e-12
0.19944 0.892653 -1.42802e-12
0.199529 0.893047 -1.42882e-12
0.199618 0.89344 -1.42946e-12
0.199707 0.893834 -1.42946e-12
0.199796 0.894229 -1.42962e-12
0.199885 0.894622 -1.43121e-12
0.199974 0.895016 -1.43169e-12
0.200064 0.895414 -1.43312e-12
0.200154 0.895814 -1.43201e-12
0.200243 0.896206 -1.43344e-12
0.200332 0.8966 -1.4344e-12
0.200421 0.896993 -1.43503e-12
0.200509 0.897385 -1.43551e-12
0.200598 0.897776 -1.43487e-12
0.200686 0.898166 -1.43695e-12
0.200775 0.898559 -1.43727e-12
0.200863 0.898949 -1.43806e-12
0.200951 0.899339 -1.43806e-12
0.201041 0.899735 -1.43918e-12
0.201129 0.900125 -1.43918e-12
0.201217 0.900515 -1.44077e-12
0.201305 0.900906 -1.44077e-12
0.201394 0.901297 -1.44141e-12
0.201482 0.901687 -1.44268e-12
0.20157 0.902078 -1.44348e-12
0.201659 0.902472 -1.44476e-12
0.201748 0.902864 -1.44476e-12
0.201836 0.903254 -1.44476e-12
0.201924 0.903645 -1.44507e-12
0.202013 0.904036 -1.44603e-12
0.202101 0.904429 -1.44778e-12
0.20219 0.904821 -1.44731e-12
0.202278 0.905211 -1.44874e-12
0.202366 0.905602 -1.44874e-12
0.202455 0.905995 -1.44938e-12
0.202543 0.906385 -1.45049e-12
0.202631 0.906775 -1.45097e-12
0.20272 0.907167 -1.45177e-12
0.202808 0.907558 -1.45209e-12
0.202896 0.907949 -1.45257e-12
0.202985 0.90834 -1.4532e-12
0.203073 0.908731 -1.45368e-12
0.203162 0.909124 -1.45416e-12
0.203251 0.909519 -1.45512e-12
0.203339 0.90991 -1.45512e-12
0.203427 0.910301 -1.45623e-12
0.203516 0.910696 -1.45751e-12
0.203605 0.911089 -1.45798e-12
0.203693 0.91148 -1.45862e-12
0.203789 0.911904 -1.45926e-12
0.203877 0.912295 -1.45942e-12
0.203966 0.912688 -1.46006e-12
0.204054 0.91308 -1.46069e-12
0.204144 0.913476 -1.46197e-12
0.204232 0.913869 -1.46245e-12
0.204322 0.914267 -1.46277e-12
0.204411 0.914665 -1.46245e-12
0.2045 0.915058 -1.4642e-12
0.204589 0.915451 -1.46468e-12
0.204677 0.915844 -1.46548e-12
0.204766 0.916239 -1.46691e-12
0.20486 0.916657 -1.46563e-12
0.20495 0.917055 -1.46739e-12
0.205039 0.91745 -1.46803e-12
0.205128 0.917845 -1.46914e-12
0.205217 0.91824 -1.46914e-12
0.205306 0.918637 -1.4701e-12
0.205396 0.919038 -1.47042e-12
0.205487 0.91944 -1.47153e-12
0.205576 0.919837 -1.47137e-12
0.205666 0.920237 -1.47376e-12
0.205756 0.920636 -1.47313e-12
0.205847 0.92104 -1.4752e-12
0.205937 0.921443 -1.4752e-12
0.206028 0.921845 -1.47583e-12
0.206119 0.922253 -1.47727e-12
0.206209 0.922651 -1.47711e-12
0.206299 0.923051 -1.47838e-12
0.206388 0.92345 -1.47886e-12
0.206483 0.92387 -1.4787e-12
0.206572 0.92427 -1.4803e-12
0.206662 0.92467 -1.48141e-12
0.206754 0.925077 -1.48157e-12
0.206847 0.925495 -1.48237e-12
0.206938 0.9259 -1.48364e-12
0.20703 0.926309 -1.48428e-12
0.20712 0.926711 -1.48396e-12
0.207211 0.927114 -1.48588e-12
0.207302 0.927521 -1.48635e-12
0.207392 0.927924 -1.48699e-12
0.207483 0.928328 -1.48779e-12
0.207576 0.928744 -1.48811e-12
0.207668 0.929153 -1.48858e-12
0.207761 0.92957 -1.48954e-12
0.207852 0.929974 -1.49066e-12
0.207943 0.930382 -1.49066e-12
0.208034 0.930787 -1.49241e-12
0.208126 0.931197 -1.49241e-12
0.208217 0.931603 -1.49321e-12
0.208308 0.932011 -1.49353e-12
0.2084 0.932419 -1.49544e-12
0.20849 0.932826 -1.49544e-12
0.208582 0.933236 -1.49608e-12
0.208674 0.933645 -1.49703e-12
0.208765 0.934052 -1.49719e-12
0.208856 0.93446 -1.49863e-12
0.208948 0.934873 -1.49942e-12
0.20904 0.935281 -1.4999e-12
0.209132 0.935694 -1.50022e-12
0.209223 0.936103 -1.50086e-12
0.209315 0.936513 -1.50102e-12
0.209407 0.936927 -1.50213e-12
0.2095 0.937342 -1.50245e-12
0.209593 0.937758 -1.50357e-12
0.209685 0.938171 -1.50373e-12
0.209778 0.938586 -1.5058e-12
0.20987 0.939 -1.50612e-12
0.209963 0.939418 -1.50691e-12
0.210055 0.93983 -1.50787e-12
0.210147 0.940243 -1.50771e-12
0.210239 0.940655 -1.50835e-12
0.210331 0.941068 -1.50978e-12
0.210423 0.941481 -1.5101e-12
0.210516 0.941894 -1.51026e-12
0.210608 0.942307 -1.51106e-12
0.2107 0.94272 -1.51201e-12
0.210791 0.943133 -1.51233e-12
0.210885 0.943551 -1.51393e-12
0.210976 0.943964 -1.51393e-12
0.211069 0.944381 -1.51456e-12
0.211163 0.944802 -1.51488e-12
0.211255 0.945215 -1.51584e-12
0.211347 0.945629 -1.51711e-12
0.211439 0.946042 -1.51695e-12
0.211531 0.946456 -1.51759e-12
0.211623 0.94687 -1.51934e-12
0.211715 0.947284 -1.5195e-12
0.211807 0.947698 -1.52014e-12
0.211899 0.948113 -1.51982e-12
0.211994 0.948539 -1.52189e-12
0.212087 0.948958 -1.52253e-12
0.212179 0.949374 -1.52253e-12
0.212271 0.949789 -1.52381e-12
0.212366 0.950215 -1.52381e-12
0.212461 0.950642 -1.52476e-12
0.212554 0.951061 -1.52556e-12
0.212646 0.951477 -1.52636e-12
0.212741 0.951908 -1.52763e-12
0.212834 0.952325 -1.52795e-12
0.212926 0.952743 -1.52811e-12
0.213019 0.95316 -1.52923e-12
0.213111 0.953577 -1.53018e-12
0.213205 0.954002 -1.53034e-12
0.213298 0.95442 -1.53194e-12
0.213391 0.954841 -1.53321e-12
0.213484 0.955261 -1.53353e-12
0.213578 0.955684 -1.53417e-12
0.213672 0.956108 -1.5348e-12
0.213765 0.956529 -1.53528e-12
0.21386 0.95696 -1.53592e-12
0.213955 0.957387 -1.5372e-12
0.214048 0.957809 -1.53815e-12
0.214142 0.958235 -1.53911e-12
0.214236 0.95866 -1.53959e-12
0.21433 0.959086 -1.5399e-12
0.214425 0.959514 -1.54118e-12
0.214518 0.959939 -1.5423e-12
0.214613 0.960366 -1.54245e-12
0.214708 0.960799 -1.54309e-12
0.214802 0.961225 -1.545e-12
0.214897 0.961652 -1.54548e-12
0.214991 0.962081 -1.54548e-12
0.215086 0.962509 -1.5466e-12
0.215181 0.962941 -1.54708e-12
0.215276 0.963375 -1.54819e-12
0.215371 0.963804 -1.54963e-12
0.215466 0.964236 -1.55058e-12
0.215561 0.964666 -1.54963e-12
0.215656 0.965097 -1.55186e-12
0.215751 0.965531 -1.5525e-12
0.215847 0.965965 -1.55297e-12
0.215942 0.966397 -1.55441e-12
0.216037 0.96683 -1.55489e-12
0.216133 0.967264 -1.55473e-12
0.216228 0.967698 -1.55648e-12
0.216324 0.968132 -1.5576e-12
0.216419 0.968565 -1.55791e-12
0.216514 0.969 -1.55871e-12
0.216609 0.969432 -1.55983e-12
0.216704 0.969865 -1.56078e-12
0.2168 0.970297 -1.56206e-12
0.216895 0.970733 -1.5619e-12
0.21699 0.971164 -1.56254e-12
0.217084 0.971595 -1.5627e-12
0.21718 0.972032 -1.56429e-12
0.217275 0.972463 -1.5654e-12
0.21737 0.972895 -1.56684e-12
0.217464 0.973327 -1.56716e-12
0.217559 0.973757 -1.56811e-12
0.217653 0.974187 -1.56987e-12
0.217747 0.974616 -1.56875e-12
0.217841 0.975045 -1.57035e-12
0.217935 0.975475 -1.57098e-12
0.218029 0.975903 -1.57274e-12
0.218123 0.976332 -1.57306e-12
0.218217 0.976761 -1.57353e-12
0.218312 0.977198 -1.57529e-12
0.218407 0.977629 -1.57497e-12
0.2185 0.978057 -1.57624e-12
0.218594 0.978486 -1.57736e-12
0.218689 0.978919 -1.57784e-12
0.218783 0.979349 -1.57959e-12
0.218876 0.979777 -1.57895e-12
0.21897 0.980204 -1.58102e-12
0.219063 0.980632 -1.58134e-12
0.219157 0.98106 -1.58182e-12
0.21925 0.981486 -1.58373e-12
0.219343 0.981913 -1.58357e-12
0.219436 0.982339 -1.58453e-12
0.219529 0.982766 -1.58581e-12
0.219622 0.983191 -1.58756e-12
0.219715 0.983618 -1.58788e-12
0.219809 0.984049 -1.58899e-12
0.219901 0.984474 -1.59011e-12
0.219994 0.9849 -1.59138e-12
0.22009 0.985339 -1.59154e-12
0.220182 0.985764 -1.59266e-12
0.220278 0.986202 -1.59314e-12
0.220372 0.986633 -1.59425e-12
0.220464 0.987058 -1.59473e-12
0.220557 0.987484 -1.59696e-12
0.220649 0.987909 -1.59648e-12
0.220742 0.988334 -1.59776e-12
0.220835 0.988761 -1.59808e-12
0.220927 0.989185 -1.59903e-12
0.221019 0.989611 -1.59919e-12
0.221112 0.990037 -1.60095e-12
0.221207 0.990473 -1.6019e-12
0.221299 0.990897 -1.6027e-12
0.221393 0.991332 -1.60334e-12
0.221485 0.991756 -1.60461e-12
0.221577 0.99218 -1.60525e-12
0.22167 0.992605 -1.60636e-12
0.221761 0.993028 -1.60732e-12
0.221854 0.993453 -1.607e-12
0.221948 0.993887 -1.60907e-12
0.222039 0.99431 -1.60955e-12
0.222131 0.994733 -1.61115e-12
0.222223 0.995157 -1.61115e-12
0.222315 0.99558 -1.61242e-12
0.222408 0.99601 -1.61354e-12
0.222499 0.996433 -1.61481e-12
0.222591 0.996856 -1.61497e-12
0.222682 0.997278 -1.61577e-12
0.222774 0.997701 -1.61784e-12
0.222865 0.998124 -1.61768e-12
0.222957 0.998546 -1.6188e-12
0.22305 0.998979 -1.61975e-12
0.223142 0.999402 -1.62007e-12
0.223233 0.999824 -1.6223e-12
0.223324 1.00025 -1.62294e-12
0.223415 1.00067 -1.6231e-12
0.223507 1.00109 -1.6239e-12
0.223598 1.00151 -1.62501e-12
0.223689 1.00194 -1.62629e-12
0.22378 1.00236 -1.62661e-12
0.223872 1.00278 -1.62868e-12
0.223963 1.00321 -1.62756e-12
0.224056 1.00364 -1.62932e-12
0.224147 1.00406 -1.63155e-12
0.224238 1.00448 -1.63107e-12
0.224329 1.0049 -1.63266e-12
0.224421 1.00533 -1.63314e-12
0.224511 1.00575 -1.63426e-12
0.224602 1.00617 -1.63314e-12
0.224696 1.00661 -1.63585e-12
0.224787 1.00703 -1.63649e-12
0.224877 1.00745 -1.63697e-12
0.224968 1.00787 -1.63824e-12
0.225058 1.00829 -1.63967e-12
0.225151 1.00872 -1.64047e-12
0.225241 1.00914 -1.64079e-12
0.225331 1.00956 -1.64159e-12
0.225422 1.00998 -1.64286e-12
0.225512 1.0104 -1.64366e-12
0.225602 1.01082 -1.64493e-12
0.225692 1.01124 -1.64509e-12
0.225782 1.01166 -1.64701e-12
0.225873 1.01208 -1.64717e-12
0.225962 1.0125 -1.64701e-12
0.226052 1.01291 -1.64908e-12
0.226142 1.01333 -1.64908e-12
0.226232 1.01375 -1.64972e-12
0.226321 1.01417 -1.65195e-12
0.226414 1.0146 -1.65211e-12
0.226504 1.01502 -1.65211e-12
0.226593 1.01544 -1.6537e-12
0.226682 1.01585 -1.65513e-12
0.226772 1.01627 -1.65529e-12
0.226861 1.01669 -1.65689e-12
0.22695 1.0171 -1.65721e-12
0.227039 1.01752 -1.65784e-12
0.227127 1.01793 -1.65928e-12
0.227216 1.01835 -1.65992e-12
0.227304 1.01876 -1.66087e-12
0.227393 1.01917 -1.66199e-12
0.227481 1.01959 -1.66231e-12
0.227569 1.02 -1.6631e-12
0.227657 1.02041 -1.66438e-12
0.227745 1.02082 -1.6647e-12
0.227833 1.02123 -1.66629e-12
0.22792 1.02164 -1.66597e-12
0.228008 1.02205 -1.66725e-12
0.228096 1.02246 -1.669e-12
0.228183 1.02287 -1.66996e-12
0.22827 1.02328 -1.67043e-12
0.228357 1.02369 -1.67107e-12
0.228444 1.0241 -1.67314e-12
0.228531 1.0245 -1.67314e-12
0.228618 1.02491 -1.67314e-12
0.228705 1.02532 -1.6741e-12
0.228793 1.02573 -1.6741e-12
0.228879 1.02614 -1.67649e-12
0.228966 1.02654 -1.67665e-12
0.229053 1.02695 -1.67713e-12
0.229139 1.02736 -1.67904e-12
0.229226 1.02777 -1.68048e-12
0.229312 1.02817 -1.68207e-12
0.229399 1.02858 -1.68255e-12
0.229486 1.02899 -1.68127e-12
0.229572 1.02939 -1.68287e-12
0.229659 1.0298 -1.68303e-12
0.229746 1.03021 -1.68382e-12
0.229833 1.03062 -1.68462e-12
0.229919 1.03103 -1.6851e-12
0.230006 1.03143 -1.68605e-12
0.230092 1.03184 -1.68733e-12
0.230179 1.03225 -1.68781e-12
0.230266 1.03266 -1.68844e-12
0.230352 1.03307 -1.68956e-12
0.230439 1.03347 -1.69083e-12
0.230525 1.03388 -1.69147e-12
0.230611 1.03429 -1.69163e-12
0.230698 1.0347 -1.69354e-12
0.230784 1.0351 -1.69291e-12
0.230871 1.03551 -1.69434e-12
0.230957 1.03592 -1.69386e-12
0.231043 1.03632 -1.69434e-12
0.231129 1.03673 -1.69386e-12
0.231215 1.03714 -1.69721e-12
0.231301 1.03755 -1.69625e-12
0.231387 1.03795 -1.69849e-12
0.231474 1.03836 -1.69896e-12
0.231561 1.03877 -1.69912e-12
0.231647 1.03918 -1.7004e-12
0.231733 1.03958 -1.70088e-12
0.23182 1.04 -1.70088e-12
0.231906 1.0404 -1.70231e-12
0.231992 1.04081 -1.70151e-12
0.232077 1.04122 -1.70406e-12
0.232163 1.04162 -1.70438e-12
0.23225 1.04203 -1.7055e-12
0.232335 1.04244 -1.70582e-12
0.232421 1.04285 -1.70582e-12
0.232507 1.04325 -1.70709e-12
0.232601 1.0437 -1.70757e-12
0.232687 1.04411 -1.70821e-12
0.232772 1.04451 -1.70884e-12
0.232858 1.04492 -1.70932e-12
0.232943 1.04532 -1.71044e-12
0.233028 1.04573 -1.70996e-12
0.233123 1.04617 -1.71092e-12
0.233207 1.04658 -1.71139e-12
0.233292 1.04698 -1.71315e-12
0.233377 1.04738 -1.71379e-12
0.233465 1.0478 -1.71315e-12
0.233549 1.0482 -1.71379e-12
0.233633 1.0486 -1.71586e-12
0.233717 1.049 -1.71474e-12
0.2338 1.0494 -1.7157e-12
0.233884 1.04979 -1.71649e-12
0.233967 1.05019 -1.71777e-12
0.23405 1.05059 -1.71889e-12
0.234133 1.05098 -1.71841e-12
0.234216 1.05137 -1.72e-12
0.234301 1.05178 -1.72016e-12
0.234384 1.05218 -1.72096e-12
0.234479 1.05263 -1.72144e-12
0.234561 1.05302 -1.72271e-12
0.234643 1.05341 -1.72287e-12
0.234738 1.05387 -1.72335e-12
0.23482 1.05426 -1.72399e-12
0.234902 1.05465 -1.72462e-12
0.234984 1.05504 -1.72606e-12
0.235066 1.05543 -1.72669e-12
0.235147 1.05582 -1.72717e-12
0.235229 1.05621 -1.72733e-12
0.235311 1.0566 -1.72749e-12
0.235393 1.057 -1.72781e-12
0.235475 1.05739 -1.7294e-12
0.235557 1.05778 -1.72988e-12
0.235639 1.05817 -1.73148e-12
0.23572 1.05856 -1.73211e-12
0.235802 1.05895 -1.73132e-12
0.235884 1.05934 -1.73307e-12
0.235966 1.05974 -1.73339e-12
0.236048 1.06013 -1.7345e-12
0.23613 1.06052 -1.7353e-12
0.236211 1.06091 -1.73642e-12
0.236295 1.06131 -1.73594e-12
0.236377 1.06171 -1.73705e-12
0.236459 1.0621 -1.73849e-12
0.236541 1.06249 -1.73897e-12
0.236624 1.06289 -1.73897e-12
0.236707 1.06329 -1.74056e-12
0.236789 1.06368 -1.74088e-12
0.236872 1.06408 -1.74104e-12
0.236957 1.06449 -1.74152e-12
0.237039 1.06488 -1.74247e-12
0.237134 1.06534 -1.74279e-12
0.237228 1.06579 -1.74407e-12
0.237311 1.06619 -1.74582e-12
0.237393 1.06658 -1.74566e-12
0.237475 1.06698 -1.74678e-12
0.237558 1.06738 -1.7471e-12
0.23764 1.06777 -1.74789e-12
0.237723 1.06817 -1.74821e-12
0.237805 1.06857 -1.74901e-12
0.237888 1.06896 -1.74965e-12
0.23797 1.06936 -1.7514e-12
0.238053 1.06976 -1.75012e-12
0.238136 1.07016 -1.75156e-12
0.238218 1.07056 -1.75267e-12
0.238313 1.07101 -1.75379e-12
0.238396 1.07141 -1.75459e-12
0.238479 1.07181 -1.75395e-12
0.238562 1.07222 -1.75554e-12
0.238645 1.07262 -1.7565e-12
0.238728 1.07302 -1.75714e-12
0.238823 1.07348 -1.75761e-12
0.238906 1.07388 -1.75921e-12
0.238989 1.07428 -1.75953e-12
0.239072 1.07468 -1.76e-12
0.239154 1.07508 -1.76144e-12
0.239237 1.07548 -1.76224e-12
0.23932 1.07588 -1.76319e-12
0.239403 1.07628 -1.76208e-12
0.239486 1.07668 -1.76463e-12
0.239568 1.07708 -1.7651e-12
0.239651 1.07748 -1.76463e-12
0.239734 1.07788 -1.76526e-12
0.239817 1.07828 -1.76686e-12
0.239912 1.07874 -1.76702e-12
0.239995 1.07914 -1.76829e-12
0.240078 1.07954 -1.76829e-12
0.240165 1.07997 -1.76893e-12
0.240248 1.08037 -1.77036e-12
0.240331 1.08077 -1.77052e-12
0.240414 1.08117 -1.76989e-12
0.240497 1.08158 -1.77212e-12
0.24058 1.08198 -1.7718e-12
0.240663 1.08238 -1.77291e-12
0.240746 1.08278 -1.77307e-12
0.240828 1.08318 -1.77515e-12
0.240911 1.08358 -1.77594e-12
0.240993 1.08399 -1.77626e-12
0.241076 1.08439 -1.7777e-12
0.241159 1.08479 -1.77706e-12
0.241241 1.08519 -1.77785e-12
0.241323 1.08559 -1.77865e-12
0.241406 1.08599 -1.77977e-12
0.241488 1.08639 -1.78072e-12
0.24157 1.08679 -1.78184e-12
0.241653 1.08719 -1.78168e-12
0.241735 1.08759 -1.78248e-12
0.241817 1.08799 -1.78407e-12
0.2419 1.08839 -1.78487e-12
0.241982 1.08879 -1.78503e-12
0.242064 1.08919 -1.78582e-12
0.242146 1.08959 -1.78694e-12
0.24223 1.09 -1.78678e-12
0.242312 1.0904 -1.7879e-12
0.242394 1.0908 -1.78901e-12
0.242475 1.0912 -1.78949e-12
0.242557 1.0916 -1.78981e-12
0.242639 1.092 -1.79092e-12
0.242721 1.0924 -1.79092e-12
0.242803 1.0928 -1.79156e-12
0.242885 1.0932 -1.79236e-12
0.242967 1.0936 -1.79268e-12
0.243049 1.094 -1.79379e-12
0.243131 1.0944 -1.79475e-12
0.243213 1.0948 -1.79539e-12
0.243295 1.0952 -1.79602e-12
0.243376 1.0956 -1.7965e-12
0.243458 1.096 -1.79794e-12
0.243539 1.0964 -1.79762e-12
0.243634 1.09686 -1.79905e-12
0.243716 1.09726 -1.79921e-12
0.243798 1.09767 -1.79937e-12
0.243881 1.09807 -1.80033e-12
0.243977 1.09854 -1.80081e-12
0.244058 1.09894 -1.80224e-12
0.24414 1.09934 -1.8024e-12
0.244222 1.09974 -1.80304e-12
0.244303 1.10014 -1.80304e-12
0.244385 1.10054 -1.80399e-12
0.244467 1.10094 -1.80479e-12
0.244558 1.10139 -1.80527e-12
0.244639 1.10179 -1.80622e-12
0.244721 1.10219 -1.80511e-12
0.244814 1.10264 -1.80846e-12
0.244895 1.10304 -1.80861e-12
0.244988 1.1035 -1.80957e-12
0.24507 1.1039 -1.80989e-12
0.245152 1.1043 -1.81037e-12
0.245233 1.1047 -1.81116e-12
0.245315 1.1051 -1.81196e-12
0.245397 1.1055 -1.81212e-12
0.245479 1.10591 -1.81324e-12
0.245561 1.10631 -1.81403e-12
0.245643 1.10671 -1.81467e-12
0.245725 1.10711 -1.81467e-12
0.245807 1.10752 -1.81642e-12
0.245889 1.10792 -1.81658e-12
0.24597 1.10832 -1.81786e-12
0.246052 1.10872 -1.81881e-12
0.246134 1.10913 -1.81929e-12
0.246217 1.10953 -1.81977e-12
0.246299 1.10994 -1.82073e-12
0.246381 1.11034 -1.82057e-12
0.246464 1.11074 -1.82232e-12
0.246548 1.11116 -1.8228e-12
0.24663 1.11156 -1.82392e-12
0.246712 1.11196 -1.82455e-12
0.246795 1.11237 -1.82519e-12
0.246877 1.11277 -1.82615e-12
0.246959 1.11318 -1.82742e-12
0.247042 1.11358 -1.82774e-12
0.247124 1.11398 -1.8287e-12
0.247216 1.11444 -1.8287e-12
0.247299 1.11484 -1.82933e-12
0.247381 1.11524 -1.83125e-12
0.247464 1.11565 -1.83172e-12
0.247546 1.11605 -1.83204e-12
0.247629 1.11645 -1.833e-12
0.247711 1.11686 -1.83316e-12
0.247804 1.11731 -1.83459e-12
0.247887 1.11771 -1.83507e-12
0.247969 1.11811 -1.83571e-12
0.248052 1.11852 -1.83587e-12
0.248134 1.11892 -1.83714e-12
0.248217 1.11932 -1.83794e-12
0.2483 1.11972 -1.83874e-12
0.248382 1.12012 -1.83937e-12
0.248475 1.12057 -1.84001e-12
0.248557 1.12097 -1.84161e-12
0.248641 1.12137 -1.84256e-12
0.248728 1.12179 -1.84368e-12
0.24881 1.12219 -1.84432e-12
0.248893 1.12259 -1.84527e-12
0.248976 1.12299 -1.84607e-12
0.249068 1.12344 -1.84623e-12
0.249151 1.12383 -1.84798e-12
0.249234 1.12423 -1.84973e-12
0.249317 1.12463 -1.8491e-12
0.249399 1.12503 -1.85037e-12
0.249482 1.12542 -1.85117e-12
0.249565 1.12582 -1.85228e-12
0.249648 1.12622 -1.85292e-12
0.249732 1.12662 -1.85372e-12
0.249815 1.12701 -1.85452e-12
0.2499 1.12742 -1.85531e-12
0.249983 1.12782 -1.85675e-12
