-0.0015 1.153 0 0 21.0009 9.6856 1
-0.0005 1.153 0 0 21.0009 9.6856 1
0.0005 5.805 0 0 21.9539 9.6856 0
0.0015 5.805 0 0 21.9539 9.6856 0
0.0025 5.805 0 0 21.9539 9.6856 0
0.0035 5.805 0 0 21.9539 9.6856 0
0.0045 5.805 0 0 21.9539 9.6856 0
0.0055 5.805 0 0 21.9539 9.6856 0
0.0065 5.805 0 0 21.9539 9.6856 0
0.0075 5.805 0 0 21.9539 9.6856 0
0.0085 5.805 0 0 21.9539 9.6856 0
0.0095 5.805 0 0 21.9539 9.6856 0
0.0105 5.805 0 0 21.9539 9.6856 0
0.0115 5.805 0 0 21.9539 9.6856 0
0.0125 5.805 0 0 21.9539 9.6856 0
0.0135 5.805 0 0 21.9539 9.6856 0
0.0145 5.805 0 0 21.9539 9.6856 0
0.0155 5.805 0 0 21.9539 9.6856 0
0.0165 5.805 0 0 21.9539 9.6856 0
0.0175 5.805 0 0 21.9539 9.6856 0
0.0185 5.805 0 0 21.9539 9.6856 0
0.0195 5.805 0 0 21.9539 9.6856 0
0.0205 5.805 0 0 21.9539 9.6856 0
0.0215 5.805 0 0 21.9539 9.6856 0
0.0225 5.805 0 0 21.9539 9.6856 0
0.0235 5.805 0 0 21.9539 9.6856 0
0.0245 5.805 0 0 21.9539 9.6856 0
0.0255 5.805 0 0 21.9539 9.6856 0
0.0265 5.805 0 0 21.9539 9.6856 0
0.0275 5.805 0 0 21.9539 9.6856 0
0.0285 5.805 0 0 21.9539 9.6856 0
0.0295 5.805 0 0 21.9539 9.6856 0
0.0305 5.805 0 0 21.9539 9.6856 0
0.0315 5.805 0 0 21.9539 9.6856 0
0.0325 5.805 0 0 21.9539 9.6856 0
0.0335 5.805 0 0 21.9539 9.6856 0
0.0345 5.805 0 0 21.9539 9.6856 0
0.0355 5.805 0 0 21.9539 9.6856 0
0.0365 5.805 0 0 21.9539 9.6856 0
0.0375 5.805 0 0 21.9539 9.6856 0
0.0385 5.805 0 0 21.9539 9.6856 0
0.0395 5.805 0 0 21.9539 9.6856 0
0.0405 5.805 0 0 21.9539 9.6856 0
0.0415 5.805 0 0 21.9539 9.6856 0
0.0425 5.805 0 0 21.9539 9.6856 0
0.0435 5.805 0 0 21.9539 9.6856 0
0.0445 5.805 0 0 21.9539 9.6856 0
0.0455 5.805 0 0 21.9539 9.6856 0
0.0465 5.805 0 0 21.9539 9.6856 0
0.0475 5.805 0 0 21.9539 9.6856 0
0.0485 5.805 0 0 21.9539 9.6856 0
0.0495 5.805 0 0 21.9539 9.6856 0
0.0505 5.805 0 0 21.9539 9.6856 0
0.0515 5.805 0 0 21.9539 9.6856 0
0.0525 5.805 0 0 21.9539 9.6856 0
0.0535 5.805 0 0 21.9539 9.6856 0
0.0545 5.805 0 0 21.9539 9.6856 0
0.0555 5.805 0 0 21.9539 9.6856 0
0.0565 5.805 0 0 21.9539 9.6856 0
0.0575 5.805 0 0 21.9539 9.6856 0
0.0585 5.805 0 0 21.9539 9.6856 0
0.0595 5.805 0 0 21.9539 9.6856 0
0.0605 5.805 0 0 21.9539 9.6856 0
0.0615 5.805 0 0 21.9539 9.6856 0
0.0625 5.805 0 0 21.9539 9.6856 0
0.0635 5.805 0 0 21.9539 9.6856 0
0.0645 5.805 0 0 21.9539 9.6856 0
0.0655 5.805 0 0 21.9539 9.6856 0
0.0665 5.805 0 0 21.9539 9.6856 0
0.0675 5.805 0 0 21.9539 9.6856 0
0.0685 5.805 0 0 21.9539 9.6856 0
0.0695 5.805 0 0 21.9539 9.6856 0
0.0705 5.805 0 0 21.9539 9.6856 0
0.0715 5.805 0 0 21.9539 9.6856 0
0.0725 5.805 0 0 21.9539 9.6856 0
0.0735 5.805 0 0 21.9539 9.6856 0
0.0745 5.805 0 0 21.9539 9.6856 0
0.0755 5.805 0 0 21.9539 9.6856 0
0.0765 5.805 0 0 21.9539 9.6856 0
0.0775 5.805 0 0 21.9539 9.6856 0
0.0785 5.805 0 0 21.9539 9.6856 0
0.0795 5.805 0 0 21.9539 9.6856 0
0.0805 5.805 0 0 21.9539 9.6856 0
0.0815 5.805 0 0 21.9539 9.6856 0
0.0825 5.805 0 0 21.9539 9.6856 0
0.0835 5.805 0 0 21.9539 9.6856 0
0.0845 5.805 0 0 21.9539 9.6856 0
0.0855 5.805 0 0 21.9539 9.6856 0
0.0865 5.805 0 0 21.9539 9.6856 0
0.0875 5.805 0 0 21.9539 9.6856 0
0.0885 5.805 0 0 21.9539 9.6856 0
0.0895 5.805 0 0 21.9539 9.6856 0
0.0905 5.805 0 0 21.9539 9.6856 0
0.0915 5.805 0 0 21.9539 9.6856 0
0.0925 5.805 0 0 21.9539 9.6856 0
0.0935 5.805 0 0 21.9539 9.6856 0
0.0945 5.805 0 0 21.9539 9.6856 0
0.0955 5.805 0 0 21.9539 9.6856 0
0.0965 5.805 0 0 21.9539 9.6856 0
0.0975 5.805 0 0 21.9539 9.6856 0
0.0985 5.805 0 0 21.9539 9.6856 0
0.0995 5.805 0 0 21.9539 9.6856 0
0.1005 1.153 0 0 21.0009 9.6856 1
0.1015 1.153 0 0 21.0009 9.6856 1
0.1025 1.153 0 0 21.0009 9.6856 1
0.1035 1.153 0 0 21.0009 9.6856 1
0.1045 1.153 0 0 21.0009 9.6856 1
0.1055 1.153 0 0 21.0009 9.6856 1
0.1065 1.153 0 0 21.0009 9.6856 1
0.1075 1.153 0 0 21.0009 9.6856 1
0.1085 1.153 0 0 21.0009 9.6856 1
0.1095 1.153 0 0 21.0009 9.6856 1
0.1105 1.153 0 0 21.0009 9.6856 1
0.1115 1.153 0 0 21.0009 9.6856 1
0.1125 1.153 0 0 21.0009 9.6856 1
0.1135 1.153 0 0 21.0009 9.6856 1
0.1145 1.153 0 0 21.0009 9.6856 1
0.1155 1.153 0 0 21.0009 9.6856 1
0.1165 1.153 0 0 21.0009 9.6856 1
0.1175 1.153 0 0 21.0009 9.6856 1
0.1185 1.153 0 0 21.0009 9.6856 1
0.1195 1.153 0 0 21.0009 9.6856 1
0.1205 1.153 0 0 21.0009 9.6856 1
0.1215 1.153 0 0 21.0009 9.6856 1
0.1225 1.153 0 0 21.0009 9.6856 1
0.1235 1.153 0 0 21.0009 9.6856 1
0.1245 1.153 0 0 21.0009 9.6856 1
0.1255 1.153 0 0 21.0009 9.6856 1
0.1265 1.153 0 0 21.0009 9.6856 1
0.1275 1.153 0 0 21.0009 9.6856 1
0.1285 1.153 0 0 21.0009 9.6856 1
0.1295 1.153 0 0 21.0009 9.6856 1
0.1305 1.153 0 0 21.0009 9.6856 1
0.1315 1.153 0 0 21.0009 9.6856 1
0.1325 1.153 0 0 21.0009 9.6856 1
0.1335 1.153 0 0 21.0009 9.6856 1
0.1345 1.153 0 0 21.0009 9.6856 1
0.1355 1.153 0 0 21.0009 9.6856 1
0.1365 1.153 0 0 21.0009 9.6856 1
0.1375 1.153 0 0 21.0009 9.6856 1
0.1385 1.153 0 0 21.0009 9.6856 1
0.1395 1.153 0 0 21.0009 9.6856 1
0.1405 1.153 0 0 21.0009 9.6856 1
0.1415 1.153 0 0 21.0009 9.6856 1
0.1425 1.153 0 0 21.0009 9.6856 1
0.1435 1.153 0 0 21.0009 9.6856 1
0.1445 1.153 0 0 21.0009 9.6856 1
0.1455 1.153 0 0 21.0009 9.6856 1
0.1465 1.153 0 0 21.0009 9.6856 1
0.1475 1.153 0 0 21.0009 9.6856 1
0.1485 1.153 0 0 21.0009 9.6856 1
0.1495 1.153 0 0 21.0009 9.6856 1
0.1505 1.153 0 0 21.0009 9.6856 1
0.1515 1.153 0 0 21.0009 9.6856 1
0.1525 1.153 0 0 21.0009 9.6856 1
0.1535 1.153 0 0 21.0009 9.6856 1
0.1545 1.153 0 0 21.0009 9.6856 1
0.1555 1.153 0 0 21.0009 9.6856 1
0.1565 1.153 0 0 21.0009 9.6856 1
0.1575 1.153 0 0 21.0009 9.6856 1
0.1585 1.153 0 0 21.0009 9.6856 1
0.1595 1.153 0 0 21.0009 9.6856 1
0.1605 1.153 0 0 21.0009 9.6856 1
0.1615 1.153 0 0 21.0009 9.6856 1
0.1625 1.153 0 0 21.0009 9.6856 1
0.1635 1.153 0 0 21.0009 9.6856 1
0.1645 1.153 0 0 21.0009 9.6856 1
0.1655 1.153 0 0 21.0009 9.6856 1
0.1665 1.153 0 0 21.0009 9.6856 1
0.1675 1.153 0 0 21.0009 9.6856 1
0.1685 1.153 0 0 21.0009 9.6856 1
0.1695 1.153 0 0 21.0009 9.6856 1
0.1705 1.153 0 0 21.0009 9.6856 1
0.1715 1.153 0 0 21.0009 9.6856 1
0.1725 1.153 0 0 21.0009 9.6856 1
0.1735 1.153 0 0 21.0009 9.6856 1
0.1745 1.153 0 0 21.0009 9.6856 1
0.1755 1.153 0 0 21.0009 9.6856 1
0.1765 1.153 0 0 21.0009 9.6856 1
0.1775 1.153 0 0 21.0009 9.6856 1
0.1785 1.153 0 0 21.0009 9.6856 1
0.1795 1.153 0 0 21.0009 9.6856 1
0.1805 1.153 0 0 21.0009 9.6856 1
0.1815 1.153 0 0 21.0009 9.6856 1
0.1825 1.153 0 0 21.0009 9.6856 1
0.1835 1.153 0 0 21.0009 9.6856 1
0.1845 1.153 0 0 21.0009 9.6856 1
0.1855 1.153 0 0 21.0009 9.6856 1
0.1865 1.153 0 0 21.0009 9.6856 1
0.1875 1.153 0 0 21.0009 9.6856 1
0.1885 1.153 0 0 21.0009 9.6856 1
0.1895 1.153 0 0 21.0009 9.6856 1
0.1905 1.153 0 0 21.0009 9.6856 1
0.1915 1.153 0 0 21.0009 9.6856 1
0.1925 1.153 0 0 21.0009 9.6856 1
0.1935 1.153 0 0 21.0009 9.6856 1
0.1945 1.153 0 0 21.0009 9.6856 1
0.1955 1.153 0 0 21.0009 9.6856 1
0.1965 1.153 0 0 21.0009 9.6856 1
0.1975 1.153 0 0 21.0009 9.6856 1
0.1985 1.153 0 0 21.0009 9.6856 1
0.1995 1.153 0 0 21.0009 9.6856 1
0.2005 1.153 0 0 21.0009 9.6856 1
0.2015 1.153 0 0 21.0009 9.6856 1
