-0.0015 2.62725 -0.135179 -0.00326562 29.5647 31.0684 0.999992
-0.0005 2.62735 -0.138668 -0.000878977 29.58 31.0856 0.999991
0.0005 2.62841 -0.141081 0.000921479 29.5848 31.1032 0.999991
0.0015 2.62829 -0.137548 0.00342753 29.5694 31.0858 0.999992
0.0025 2.62758 -0.132437 0.00618866 29.5463 31.0532 0.999993
0.0035 2.62558 -0.127649 0.00905206 29.5243 31.0065 0.999993
0.0045 2.62235 -0.123327 0.0116924 29.5048 30.9479 0.999993
0.0055 2.61824 -0.11955 0.0139944 29.4854 30.8791 0.999993
0.0065 2.61353 -0.116171 0.0158023 29.465 30.8021 0.999993
0.0075 2.60837 -0.112948 0.0170152 29.4435 30.7189 0.999992
0.0085 2.60296 -0.109899 0.0176213 29.4208 30.6314 0.999992
0.0095 2.59734 -0.106943 0.0177459 29.3964 30.5399 0.999992
0.0105 2.59171 -0.104226 0.0174676 29.3712 30.4475 0.999992
0.0115 2.58598 -0.102041 0.0169227 29.3449 30.3531 0.999992
0.0125 2.58013 -0.100202 0.0160351 29.3179 30.2566 0.999992
0.0135 2.5741 -0.0986399 0.0148328 29.2906 30.1578 0.999992
0.0145 2.56783 -0.0976468 0.013522 29.2631 30.0561 0.999993
0.0155 2.5613 -0.0974872 0.0123016 29.2355 29.9514 0.999993
0.0165 2.5547 -0.097824 0.0114639 29.2083 29.8465 0.999993
0.0175 2.54834 -0.0988573 0.0113881 29.1826 29.7461 0.999993
0.0185 2.54201 -0.0997335 0.0119027 29.1569 29.646 0.999993
0.0195 2.53582 -0.100307 0.0131102 29.1308 29.5474 0.999994
0.0205 2.5298 -0.100569 0.0149189 29.1033 29.4494 0.999994
0.0215 2.52396 -0.10028 0.0171676 29.0739 29.3518 0.999994
0.0225 2.51824 -0.0992806 0.0197098 29.0426 29.2538 0.999995
0.0235 2.5126 -0.097562 0.0224252 29.0097 29.1553 0.999995
0.0245 2.50712 -0.0951489 0.0253527 28.9752 29.0573 0.999996
0.0255 2.50199 -0.0918406 0.0286951 28.9393 28.962 0.999997
0.0265 2.49729 -0.0876289 0.0325655 28.9032 28.8715 0.999997
0.0275 2.49289 -0.0825956 0.0369637 28.8691 28.7867 0.999998
0.0285 2.4888 -0.076998 0.0418307 28.837 28.7077 0.999999
0.0295 2.48497 -0.0713627 0.0470775 28.8075 28.6342 0.999999
0.0305 2.48139 -0.0661587 0.0526225 28.7807 28.5664 0.999999
0.0315 2.47798 -0.0616732 0.0583952 28.7573 28.5039 0.999999
0.0325 2.47459 -0.057952 0.0643264 28.7382 28.4461 0.999999
0.0335 2.47118 -0.0548667 0.0703835 28.7232 28.392 1
0.0345 2.46779 -0.0521309 0.0765286 28.7112 28.3412 1
0.0355 2.46451 -0.0495812 0.0827429 28.7008 28.2932 1
0.0365 2.4614 -0.0469834 0.0889894 28.6912 28.2482 1
0.0375 2.45836 -0.044184 0.095125 28.6819 28.2041 1
0.0385 2.4554 -0.0412335 0.101179 28.6729 28.1613 1
0.0395 2.45248 -0.0381914 0.107143 28.6642 28.1194 1
0.0405 2.44959 -0.0351259 0.11299 28.6556 28.0778 1
0.0415 2.44674 -0.0320455 0.118701 28.6467 28.0363 1
0.0425 2.4439 -0.028925 0.124271 28.6372 27.9946 1
0.0435 2.44105 -0.0257048 0.129672 28.6268 27.9518 1
0.0445 2.43815 -0.0222857 0.134866 28.6152 27.9073 1
0.0455 2.43516 -0.0185678 0.139804 28.6022 27.8604 1
0.0465 2.43206 -0.0145203 0.144441 28.5878 27.811 1
0.0475 2.42887 -0.0101397 0.148737 28.5719 27.7589 1
0.0485 2.42558 -0.00535946 0.15267 28.5542 27.7041 1
0.0495 2.42219 -0.000121393 0.156225 28.5345 27.6464 1
0.0505 2.41871 0.00558159 0.15938 28.5126 27.5854 1
0.0515 2.41512 0.0116692 0.16212 28.4887 27.5214 1
0.0525 2.41146 0.018002 0.164475 28.4631 27.4551 1
0.0535 2.40775 0.0244764 0.166469 28.4367 27.3873 1
0.0545 2.40397 0.0310138 0.16813 28.4098 27.3185 1
0.0555 2.40014 0.0373989 0.169492 28.3832 27.2495 1
0.0565 2.3963 0.0434969 0.170619 28.3574 27.1812 1
0.0575 2.39243 0.0492655 0.171507 28.3328 27.1137 1
0.0585 2.38852 0.0546855 0.172123 28.3093 27.0469 1
0.0595 2.38456 0.059762 0.172436 28.2868 26.9806 1
0.0605 2.38048 0.0645673 0.172443 28.2647 26.9134 1
0.0615 2.37639 0.0690439 0.172182 28.2434 26.8469 1
0.0625 2.37225 0.0733075 0.171679 28.2224 26.7802 1
0.0635 2.36808 0.0773746 0.17098 28.2014 26.7133 1
0.0645 2.36389 0.0812612 0.170128 28.1803 26.6461 1
0.0655 2.35968 0.0850143 0.169151 28.1593 26.5788 1
0.0665 2.35548 0.0886789 0.168072 28.1383 26.5116 1
0.0675 2.35128 0.0922648 0.16692 28.1174 26.4447 1
0.0685 2.3471 0.0957608 0.165707 28.0966 26.3782 1
0.0695 2.34295 0.0991801 0.164448 28.0762 26.3125 1
0.0705 2.33886 0.102523 0.163159 28.0561 26.2476 1
0.0715 2.33482 0.10576 0.161852 28.0364 26.184 1
0.0725 2.33085 0.108859 0.160524 28.0172 26.1215 1
0.0735 2.32694 0.111833 0.159146 27.9985 26.0603 1
0.0745 2.32307 0.114715 0.157676 27.9802 26.0001 1
0.0755 2.31925 0.11756 0.1561 27.9623 25.9407 1
0.0765 2.31547 0.120351 0.15438 27.9446 25.882 1
0.0775 2.31176 0.123049 0.152512 27.9273 25.8244 1
0.0785 2.30814 0.125632 0.150502 27.9104 25.7685 1
0.0795 2.30469 0.128088 0.148344 27.8944 25.7151 1
0.0805 2.30148 0.130429 0.146046 27.8794 25.6656 1
0.0815 2.29858 0.132672 0.143604 27.866 25.6209 1
0.0825 2.29605 0.134835 0.140996 27.8543 25.5819 1
0.0835 2.29389 0.136957 0.13821 27.8444 25.5488 1
0.0845 2.29212 0.139041 0.13524 27.8363 25.5216 1
0.0855 2.2907 0.141039 0.132098 27.8298 25.4999 1
0.0865 2.28962 0.142862 0.128827 27.8249 25.4834 1
0.0875 2.28883 0.144401 0.125486 27.8214 25.4714 1
0.0885 2.28831 0.145614 0.122103 27.8191 25.4635 1
0.0895 2.28802 0.146624 0.118661 27.8179 25.4592 1
0.0905 2.28791 0.147601 0.115154 27.8175 25.4576 1
0.0915 2.28792 0.148583 0.111613 27.8177 25.4579 1
0.0925 2.28806 0.149484 0.107905 27.8184 25.4601 1
0.0935 2.28825 0.150184 0.104165 27.8194 25.4632 1
0.0945 2.28846 0.15062 0.100435 27.8205 25.4665 1
0.0955 2.28866 0.150785 0.0967039 27.8215 25.4696 1
0.0965 2.28883 0.150789 0.0929387 27.8224 25.4723 1
0.0975 2.28895 0.150641 0.0891275 27.823 25.4742 1
0.0985 2.289 0.150313 0.085243 27.8233 25.4751 1
0.0995 2.28897 0.149786 0.0813109 27.8232 25.4746 1
0.1005 2.28888 0.149047 0.0773538 27.8227 25.4732 1
0.1015 2.28873 0.148112 0.0733498 27.822 25.4708 1
0.1025 2.28852 0.14699 0.0693074 27.8209 25.4675 1
0.1035 2.28826 0.145728 0.0652425 27.8195 25.4634 1
0.1045 2.28793 0.144372 0.06121 27.8178 25.4581 1
0.1055 2.28752 0.142949 0.0572923 27.8155 25.4514 1
0.1065 2.28697 0.14145 0.0535646 27.8126 25.4427 1
0.1075 2.28625 0.139903 0.0500774 27.8087 25.431 1
0.1085 2.28529 0.138363 0.0468447 27.8036 25.4157 1
0.1095 2.28404 0.136883 0.0438418 27.7971 25.396 1
0.1105 2.28248 0.135503 0.0410207 27.789 25.3711 1
0.1115 2.28053 0.134223 0.0383139 27.7789 25.3403 1
0.1125 2.27816 0.133022 0.0356446 27.7666 25.3028 1
0.1135 2.27533 0.131885 0.0329178 27.752 25.258 1
0.1145 2.27198 0.130823 0.0300119 27.7349 25.2052 1
0.1155 2.26806 0.129858 0.0267912 27.715 25.1437 1
0.1165 2.26352 0.129011 0.023127 27.6922 25.0727 1
0.1175 2.25831 0.128274 0.018902 27.6661 24.9914 1
0.1185 2.2525 0.127696 0.0141666 27.6371 24.9011 1
0.1195 2.24692 0.127336 0.0102655 27.6093 24.8143 1
0.1205 2.24186 0.127185 0.00770703 27.5842 24.736 1
0.1215 2.23732 0.127061 0.00623666 27.5618 24.6658 1
0.1225 2.23323 0.127162 0.00552067 27.5418 24.6029 1
0.1235 2.22951 0.127241 0.0052634 27.5239 24.5458 1
0.1245 2.22599 0.127131 0.00525219 27.5073 24.4924 1
0.1255 2.22267 0.126797 0.00546519 27.492 24.4423 1
0.1265 2.21955 0.126343 0.00574686 27.4782 24.3957 1
0.1275 2.21646 0.125807 0.00587401 27.4649 24.3499 1
0.1285 2.21336 0.12529 0.00574858 27.4517 24.3042 1
0.1295 2.2103 0.124652 0.00532521 27.4388 24.2591 1
0.1305 2.2072 0.12404 0.00459568 27.4256 24.2135 1
0.1315 2.20409 0.123463 0.00352707 27.4121 24.1675 1
0.1325 2.20102 0.122872 0.00230862 27.3983 24.1217 1
0.1335 2.19816 0.122382 0.00119391 27.3851 24.0788 1
0.1345 2.19555 0.122186 0.000223267 27.3727 24.0393 1
0.1355 2.19319 0.122314 -0.000587479 27.361 24.0032 1
0.1365 2.19106 0.122686 -0.00126148 27.35 23.9701 1
0.1375 2.18907 0.123254 -0.00189442 27.3393 23.939 1
0.1385 2.18719 0.124052 -0.0025821 27.3289 23.9094 1
0.1395 2.18539 0.124974 -0.00337648 27.3188 23.8809 1
0.1405 2.18367 0.125946 -0.00428335 27.3089 23.8534 1
0.1415 2.18206 0.126996 -0.00529375 27.2994 23.8275 1
0.1425 2.18057 0.128076 -0.0063186 27.2908 23.8038 1
0.1435 2.17924 0.129196 -0.00730758 27.2831 23.7826 1
0.1445 2.17809 0.130403 -0.00820151 27.2764 23.7641 1
0.1455 2.17708 0.13172 -0.00897538 27.2706 23.748 1
0.1465 2.17616 0.133031 -0.00966775 27.2654 23.7336 1
0.1475 2.17529 0.134316 -0.0103312 27.2605 23.7198 1
0.1485 2.17441 0.135561 -0.0110181 27.2557 23.706 1
0.1495 2.17348 0.136847 -0.0117397 27.2508 23.6916 1
0.1505 2.17248 0.138273 -0.0125168 27.2457 23.6763 1
0.1515 2.1714 0.139803 -0.0133087 27.2402 23.6598 1
0.1525 2.17029 0.141409 -0.0140119 27.2346 23.6428 1
0.1535 2.16926 0.143117 -0.0144301 27.2294 23.627 1
0.1545 2.16836 0.144962 -0.0145063 27.2248 23.6133 1
0.1555 2.1675 0.146837 -0.0143448 27.2205 23.6002 1
0.1565 2.16674 0.148732 -0.0138785 27.2167 23.5886 1
0.1575 2.16611 0.150712 -0.0130558 27.2136 23.5791 1
0.1585 2.16561 0.152728 -0.0119014 27.2111 23.5715 1
0.1595 2.16518 0.154696 -0.0105351 27.209 23.565 1
0.1605 2.16477 0.156822 -0.00908782 27.2071 23.5589 1
0.1615 2.16436 0.159096 -0.00761843 27.205 23.5526 1
0.1625 2.1639 0.161434 -0.00616485 27.2027 23.5456 1
0.1635 2.16338 0.163871 -0.00478261 27.2001 23.5376 1
0.1645 2.16278 0.1664 -0.0035027 27.197 23.5285 1
0.1655 2.16212 0.168956 -0.0023371 27.1935 23.5182 1
0.1665 2.1614 0.171525 -0.0013003 27.1898 23.5072 1
0.1675 2.16066 0.174125 -0.000419958 27.1859 23.4958 1
0.1685 2.15993 0.176684 0.000247441 27.182 23.4845 1
0.1695 2.15926 0.179148 0.000662972 27.1785 23.4742 1
0.1705 2.15865 0.181527 0.000750328 27.1752 23.4647 1
0.1715 2.15815 0.183821 0.000405383 27.1725 23.4569 1
0.1725 2.15777 0.185995 -0.000368817 27.1705 23.4511 1
0.1735 2.15749 0.188107 -0.00155545 27.1691 23.4469 1
0.1745 2.15727 0.19024 -0.00310221 27.1681 23.4435 1
0.1755 2.15704 0.192416 -0.00493402 27.1672 23.4402 1
0.1765 2.1567 0.194571 -0.00688482 27.1658 23.4354 1
0.1775 2.15608 0.196658 -0.00871113 27.1634 23.4265 1
0.1785 2.15516 0.198649 -0.0104193 27.1598 23.4135 1
0.1795 2.15392 0.200544 -0.0120779 27.155 23.396 1
0.1805 2.15239 0.202318 -0.0136701 27.1493 23.3743 1
0.1815 2.1506 0.203973 -0.0151293 27.1428 23.3493 1
0.1825 2.14865 0.205539 -0.0163648 27.1361 23.3225 1
0.1835 2.14671 0.207107 -0.0172168 27.1295 23.2957 1
0.1845 2.14481 0.208752 -0.0176504 27.123 23.2695 1
0.1855 2.14303 0.210372 -0.0176587 27.1166 23.2446 1
0.1865 2.14124 0.211978 -0.0173146 27.1095 23.2192 1
0.1875 2.13956 0.213628 -0.0166876 27.1025 23.195 1
0.1885 2.13804 0.215279 -0.0158607 27.0957 23.1727 1
0.1895 2.13671 0.216958 -0.0148869 27.0896 23.153 1
0.1905 2.13556 0.218618 -0.0137927 27.084 23.1358 1
0.1915 2.13458 0.220213 -0.0125943 27.0789 23.1208 1
0.1925 2.13375 0.221711 -0.0113037 27.0743 23.1079 1
0.1935 2.13305 0.223133 -0.00993226 27.0703 23.097 1
0.1945 2.13248 0.22441 -0.0085014 27.067 23.088 1
0.1955 2.13203 0.225532 -0.00702429 27.0644 23.0808 1
0.1965 2.13168 0.22638 -0.0055074 27.0624 23.0754 1
0.1975 2.13144 0.226945 -0.0039564 27.0611 23.0716 1
0.1985 2.13128 0.227275 -0.00238074 27.0603 23.0693 1
0.1995 2.1312 0.227423 -0.000808548 27.06 23.0681 1
0.2005 2.13116 0.227568 0.000812094 27.0597 23.0674 1
0.2015 2.13124 0.227419 0.00239314 27.0601 23.0686 1
