-0.0015 1.80922 1.21197 -0.163897 25.3044 18.3125 1
-0.0005 1.80619 1.21794 -0.165939 25.2877 18.2697 1
0.0005 1.8063 1.21768 -0.16577 25.2884 18.2714 1
0.0015 1.80923 1.21196 -0.163713 25.3045 18.3126 1
0.0025 1.80912 1.21186 -0.161269 25.3027 18.3102 1
0.0035 1.80783 1.2138 -0.159683 25.2949 18.2916 1
0.0045 1.8056 1.2169 -0.15815 25.282 18.2597 1
0.0055 1.80258 1.22075 -0.15625 25.2649 18.2168 1
0.0065 1.79891 1.22552 -0.153853 25.2443 18.1649 1
0.0075 1.79475 1.2312 -0.151096 25.2209 18.1061 1
0.0085 1.79027 1.23746 -0.148082 25.1956 18.0428 1
0.0095 1.78593 1.24325 -0.144882 25.1711 17.9816 1
0.0105 1.78191 1.24854 -0.141564 25.1484 17.9249 1
0.0115 1.77817 1.25331 -0.138201 25.1273 17.8723 1
0.0125 1.77465 1.25757 -0.134855 25.1073 17.8227 1
0.0135 1.7713 1.26142 -0.131579 25.0883 17.7755 1
0.0145 1.76808 1.26497 -0.128372 25.0701 17.7304 1
0.0155 1.76497 1.26829 -0.125221 25.0524 17.6867 1
0.0165 1.76196 1.27138 -0.122103 25.0353 17.6445 1
0.0175 1.75906 1.27424 -0.11899 25.0188 17.6038 1
0.0185 1.75627 1.27686 -0.115846 25.0029 17.5648 1
0.0195 1.75362 1.2792 -0.112628 24.9878 17.5277 1
0.0205 1.75112 1.28125 -0.109298 24.9735 17.4927 1
0.0215 1.74875 1.28302 -0.105821 24.96 17.4595 1
0.0225 1.74648 1.28455 -0.102165 24.947 17.4278 1
0.0235 1.74425 1.28594 -0.0983266 24.9343 17.3966 1
0.0245 1.74201 1.28727 -0.0943097 24.9215 17.3654 1
0.0255 1.73972 1.28867 -0.0901143 24.9083 17.3334 1
0.0265 1.73724 1.2904 -0.0857341 24.8941 17.2989 1
0.0275 1.73475 1.29211 -0.0812057 24.8798 17.2641 1
0.0285 1.73252 1.29316 -0.0765126 24.867 17.233 1
0.0295 1.73059 1.29346 -0.0716914 24.8559 17.2062 1
0.0305 1.72911 1.29262 -0.0667545 24.8474 17.1856 1
0.0315 1.72851 1.29012 -0.0620039 24.844 17.1773 1
0.0325 1.72897 1.28575 -0.0576843 24.8466 17.1836 1
0.0335 1.73214 1.27524 -0.0543464 24.8648 17.2277 1
0.0345 1.74316 1.24821 -0.0537271 24.9283 17.3816 1
0.0355 1.77204 1.18401 -0.0598996 25.0941 17.7871 1
0.0365 1.83514 1.05113 -0.0768201 25.4527 18.6837 1
0.0375 1.9083 0.901077 -0.0904853 25.8548 19.7355 1
0.0385 1.95274 0.811904 -0.0918124 26.0945 20.3823 1
0.0395 1.9757 0.764951 -0.0857551 26.2169 20.7187 1
0.0405 1.987 0.741015 -0.0775912 26.2769 20.8849 1
0.0415 1.99223 0.728808 -0.0689205 26.3039 20.9614 1
0.0425 1.99415 0.722773 -0.0609471 26.3142 20.9898 1
0.0435 1.99444 0.719879 -0.0540746 26.3159 20.9941 1
0.0445 1.99398 0.718279 -0.048104 26.3134 20.9873 1
0.0455 1.9932 0.717387 -0.0428521 26.3095 20.976 1
0.0465 1.99234 0.716377 -0.0383366 26.3048 20.9632 1
0.0475 1.99189 0.714536 -0.0344285 26.3023 20.9565 1
0.0485 1.99234 0.711294 -0.0310335 26.3046 20.9631 1
0.0495 1.99536 0.702981 -0.0281709 26.3207 21.0077 1
0.0505 2.00436 0.683202 -0.0253602 26.3684 21.1408 1
0.0515 2.02607 0.63934 -0.0221551 26.4829 21.4624 1
0.0525 2.07162 0.551084 -0.01799 26.7214 22.1426 1
0.0535 2.13621 0.429309 -0.0148599 27.0533 23.1167 1
0.0545 2.18124 0.344881 -0.01692 27.2801 23.8018 1
0.0555 2.20579 0.29844 -0.021512 27.4029 24.178 1
0.0565 2.21775 0.274802 -0.0274758 27.4621 24.3616 1
0.0575 2.22303 0.263 -0.0336811 27.4885 24.4431 1
0.0585 2.22519 0.256739 -0.0396696 27.499 24.4763 1
0.0595 2.22604 0.252833 -0.0453458 27.5034 24.4895 1
0.0605 2.22651 0.249795 -0.0507734 27.5056 24.4966 1
0.0615 2.22693 0.246961 -0.0559988 27.5078 24.5032 1
0.0625 2.22748 0.243966 -0.0609527 27.5106 24.5118 1
0.0635 2.22852 0.240195 -0.0654612 27.516 24.528 1
0.0645 2.23057 0.234782 -0.069245 27.5261 24.5596 1
0.0655 2.23421 0.226759 -0.0719484 27.544 24.6156 1
0.0665 2.24016 0.214985 -0.0727622 27.5733 24.7074 1
0.0675 2.24917 0.198292 -0.0711575 27.6178 24.8469 1
0.0685 2.26097 0.176902 -0.0676234 27.6759 25.0298 1
0.0695 2.27075 0.158931 -0.0649076 27.7237 25.1814 1
0.0705 2.27724 0.146602 -0.0635397 27.7554 25.2823 1
0.0715 2.28083 0.1391 -0.0634298 27.773 25.3382 1
0.0725 2.28233 0.135046 -0.0642234 27.7804 25.3617 1
0.0735 2.28257 0.132974 -0.0654088 27.7816 25.3654 1
0.0745 2.28192 0.132199 -0.0668688 27.7785 25.3553 1
0.0755 2.28074 0.132664 -0.068585 27.7728 25.337 1
0.0765 2.2788 0.13417 -0.0706194 27.7634 25.3069 1
0.0775 2.2761 0.136896 -0.0728413 27.7504 25.2651 1
0.0785 2.27276 0.140737 -0.0750911 27.7342 25.2133 1
0.0795 2.26882 0.145558 -0.0773447 27.7151 25.1522 1
0.0805 2.26444 0.15122 -0.0796339 27.6937 25.0842 1
0.0815 2.26016 0.156832 -0.0816772 27.6728 25.0179 1
0.0825 2.25622 0.161974 -0.0833853 27.6537 24.9572 1
0.0835 2.25258 0.166726 -0.0847743 27.636 24.9009 1
0.0845 2.24921 0.171103 -0.0858895 27.6196 24.8489 1
0.0855 2.24615 0.175016 -0.0867615 27.6046 24.8017 1
0.0865 2.24346 0.178353 -0.0874888 27.5914 24.7601 1
0.0875 2.24114 0.181086 -0.0883315 27.5801 24.7243 1
0.0885 2.23913 0.183285 -0.0895876 27.5702 24.6933 1
0.0895 2.23738 0.185008 -0.0913846 27.5617 24.6665 1
0.0905 2.23597 0.18617 -0.0935761 27.5549 24.6447 1
0.0915 2.23498 0.186659 -0.0958849 27.5501 24.6295 1
0.0925 2.23442 0.186408 -0.0981719 27.5474 24.621 1
0.0935 2.23443 0.185534 -0.100491 27.5475 24.6212 1
0.0945 2.23492 0.18398 -0.102794 27.55 24.6287 1
0.0955 2.23611 0.18149 -0.104791 27.556 24.6473 1
0.0965 2.2382 0.177698 -0.106341 27.5664 24.6796 1
0.0975 2.24139 0.172497 -0.107266 27.5823 24.729 1
0.0985 2.2459 0.165654 -0.107112 27.6045 24.7988 1
0.0995 2.25211 0.15678 -0.105101 27.6351 24.8949 1
0.1005 2.2607 0.145164 -0.10016 27.6773 25.0281 1
0.1015 2.27275 0.129652 -0.0907736 27.7365 25.2153 1
0.1025 2.28972 0.10871 -0.0749909 27.8194 25.4795 1
0.1035 2.31331 0.0805359 -0.0506711 27.9341 25.8481 1
0.1045 2.34499 0.0434497 -0.0162121 28.087 26.3455 1
0.1055 2.37846 0.00210524 0.0189396 28.247 26.8738 1
0.1065 2.40596 -0.0322812 0.0451072 28.3774 27.3099 1
0.1075 2.42721 -0.0593072 0.0641444 28.4775 27.6484 1
0.1085 2.44346 -0.0801329 0.0776742 28.5537 27.9078 1
0.1095 2.45581 -0.0961235 0.0873161 28.6114 28.1057 1
0.1105 2.46524 -0.108407 0.0942752 28.6555 28.2571 1
0.1115 2.47244 -0.117731 0.099359 28.689 28.3727 1
0.1125 2.47782 -0.124536 0.103163 28.714 28.4593 1
0.1135 2.48165 -0.12913 0.106168 28.7319 28.5211 1
0.1145 2.48417 -0.131794 0.108659 28.7437 28.5617 1
0.1155 2.48564 -0.132914 0.11084 28.7506 28.5854 1
0.1165 2.48641 -0.133012 0.112889 28.7543 28.5979 1
0.1175 2.48662 -0.132321 0.114833 28.7555 28.6015 1
0.1185 2.48635 -0.131129 0.116718 28.7544 28.5974 1
0.1195 2.48566 -0.129227 0.118521 28.7513 28.5864 1
0.1205 2.4845 -0.126647 0.120213 28.746 28.5677 1
0.1215 2.48289 -0.12348 0.121782 28.7387 28.5421 1
0.1225 2.48093 -0.11982 0.123244 28.7299 28.5108 1
0.1235 2.47866 -0.115773 0.124605 28.7196 28.4745 1
0.1245 2.47612 -0.111396 0.125873 28.7079 28.4338 1
0.1255 2.47334 -0.10674 0.127035 28.6953 28.3894 1
0.1265 2.47035 -0.101855 0.128095 28.6818 28.3416 1
0.1275 2.46718 -0.0967829 0.129082 28.6675 28.2911 1
0.1285 2.46388 -0.0915752 0.130032 28.6525 28.2385 1
0.1295 2.46053 -0.086346 0.130963 28.6373 28.1851 1
0.1305 2.4572 -0.0812513 0.13184 28.6223 28.1323 1
0.1315 2.45392 -0.0763139 0.132605 28.6077 28.0804 1
0.1325 2.45067 -0.0715221 0.133208 28.5933 28.0291 1
0.1335 2.44742 -0.0668577 0.133655 28.5789 27.9779 1
0.1345 2.44415 -0.0622961 0.133991 28.5644 27.9263 1
0.1355 2.44087 -0.057821 0.134247 28.5498 27.8745 1
0.1365 2.43758 -0.0534397 0.13443 28.5352 27.8228 1
0.1375 2.43431 -0.0491531 0.134528 28.5207 27.7713 1
0.1385 2.43108 -0.0449659 0.134544 28.5062 27.7203 1
0.1395 2.42787 -0.0408855 0.134505 28.4919 27.6699 1
0.1405 2.42472 -0.036919 0.134446 28.4778 27.6202 1
0.1415 2.42161 -0.0330656 0.13439 28.4638 27.5713 1
0.1425 2.41857 -0.0293154 0.134346 28.4499 27.5232 1
0.1435 2.41559 -0.0256591 0.134306 28.4363 27.4761 1
0.1445 2.41267 -0.0220877 0.134261 28.4228 27.4299 1
0.1455 2.40979 -0.018594 0.1342 28.4095 27.3844 1
0.1465 2.40696 -0.0151683 0.134122 28.3963 27.3394 1
0.1475 2.40415 -0.0117968 0.134034 28.3832 27.295 1
0.1485 2.40138 -0.00846335 0.133955 28.3701 27.251 1
0.1495 2.39864 -0.00515074 0.133902 28.357 27.2073 1
0.1505 2.39592 -0.00183831 0.13389 28.3439 27.1639 1
0.1515 2.39322 0.00149828 0.133928 28.3308 27.1207 1
0.1525 2.39053 0.00487863 0.134038 28.3176 27.0777 1
0.1535 2.38785 0.00831268 0.134248 28.3043 27.0347 1
0.1545 2.38518 0.0118058 0.134572 28.291 26.9916 1
0.1555 2.3825 0.0153568 0.135022 28.2776 26.9485 1
0.1565 2.37982 0.0189648 0.135572 28.2641 26.9053 1
0.1575 2.37715 0.0225968 0.136171 28.2505 26.8622 1
0.1585 2.37451 0.0261989 0.136754 28.2369 26.8196 1
0.1595 2.37191 0.0297084 0.137236 28.2235 26.7775 1
0.1605 2.36935 0.0330976 0.137565 28.2103 26.736 1
0.1615 2.36683 0.0363508 0.137738 28.1972 26.6952 1
0.1625 2.36435 0.0394693 0.137729 28.1844 26.655 1
0.1635 2.36189 0.0424627 0.137551 28.1717 26.6154 1
0.1645 2.35946 0.0453501 0.137194 28.1593 26.5763 1
0.1655 2.35706 0.0481474 0.136679 28.1471 26.5378 1
0.1665 2.35468 0.0508716 0.136013 28.1352 26.4997 1
0.1675 2.35232 0.0535374 0.135216 28.1235 26.4621 1
0.1685 2.34997 0.0561604 0.134305 28.112 26.425 1
0.1695 2.34764 0.0587507 0.1333 28.1008 26.3883 1
0.1705 2.34533 0.061312 0.132216 28.0899 26.352 1
0.1715 2.34304 0.0638385 0.131084 28.0791 26.3162 1
0.1725 2.34079 0.0663204 0.129908 28.0685 26.281 1
0.1735 2.33857 0.0687461 0.128688 28.0582 26.2465 1
0.1745 2.3364 0.0711082 0.12741 28.0482 26.2128 1
0.1755 2.33429 0.0733986 0.126059 28.0385 26.18 1
0.1765 2.33224 0.0756153 0.124608 28.029 26.1482 1
0.1775 2.33023 0.0777519 0.12302 28.0198 26.1171 1
0.1785 2.32827 0.079803 0.121261 28.0109 26.0867 1
0.1795 2.32634 0.0817586 0.119295 28.0021 26.0569 1
0.1805 2.32443 0.0836158 0.117093 27.9934 26.0275 1
0.1815 2.32256 0.0853816 0.114649 27.9848 25.9985 1
0.1825 2.32071 0.0870819 0.112 27.9762 25.9698 1
0.1835 2.31889 0.0887451 0.109193 27.9675 25.9414 1
0.1845 2.3171 0.0904164 0.106291 27.9587 25.9133 1
0.1855 2.31534 0.0921277 0.10336 27.95 25.8854 1
0.1865 2.31358 0.0939128 0.100466 27.9412 25.8577 1
0.1875 2.31183 0.0957966 0.0976983 27.9324 25.83 1
0.1885 2.31009 0.0977998 0.095135 27.9236 25.8024 1
0.1895 2.30834 0.0999459 0.0928448 27.9148 25.7747 1
0.1905 2.30658 0.102235 0.0908814 27.9061 25.7471 1
0.1915 2.30485 0.104652 0.0893091 27.8978 25.7201 1
0.1925 2.30318 0.107179 0.0881976 27.8898 25.694 1
0.1935 2.30157 0.109833 0.0875901 27.8821 25.6691 1
0.1945 2.3 0.112641 0.0874327 27.8748 25.6448 1
0.1955 2.29847 0.11548 0.0876831 27.8679 25.6214 1
0.1965 2.29701 0.118315 0.088263 27.8616 25.5994 1
0.1975 2.29561 0.121096 0.0889162 27.8556 25.5782 1
0.1985 2.29428 0.123758 0.089404 27.8496 25.5579 1
0.1995 2.29304 0.126266 0.0896939 27.8437 25.5387 1
0.2005 2.29187 0.128601 0.089811 27.8383 25.5207 1
0.2015 2.2908 0.130746 0.0898041 27.8335 25.5044 1
0.2025 2.28984 0.132681 0.0897095 27.8293 25.4899 1
0.2035 2.28902 0.134401 0.0895526 27.8258 25.4775 1
0.2045 2.28835 0.135907 0.0893749 27.8229 25.4674 1
0.2055 2.28782 0.137201 0.0891975 27.8207 25.4595 1
0.2065 2.28743 0.138294 0.0890266 27.8191 25.4538 1
0.2075 2.28719 0.139199 0.0888632 27.8181 25.45 1
0.2085 2.28707 0.139927 0.0887112 27.8175 25.4482 1
0.2095 2.28704 0.140523 0.0885647 27.8175 25.4479 1
0.2105 2.28707 0.141039 0.0884269 27.818 25.4487 1
0.2115 2.28717 0.141452 0.0883012 27.8188 25.4505 1
0.2125 2.28734 0.141795 0.0881809 27.8199 25.4534 1
0.2135 2.28755 0.142096 0.0880446 27.8211 25.4569 1
0.2145 2.28782 0.142383 0.0878748 27.8225 25.4611 1
0.2155 2.28812 0.142676 0.087658 27.8238 25.4657 1
0.2165 2.28844 0.143037 0.0873871 27.825 25.4704 1
0.2175 2.28874 0.14351 0.0870707 27.826 25.4746 1
0.2185 2.289 0.144129 0.0867313 27.8266 25.478 1
0.2195 2.28919 0.144924 0.086393 27.8268 25.4804 1
0.2205 2.2893 0.14592 0.0860617 27.8267 25.4814 1
0.2215 2.28931 0.147099 0.0857544 27.8261 25.4811 1
0.2225 2.2892 0.14858 0.0855023 27.8249 25.4787 1
0.2235 2.289 0.150313 0.085243 27.8233 25.4751 1
0.2245 2.28872 0.152295 0.0850057 27.8212 25.47 1
0.2255 2.28837 0.154505 0.0848211 27.8188 25.4639 1
0.2265 2.28798 0.156944 0.0846694 27.816 25.457 1
0.2275 2.28757 0.159602 0.0845438 27.8131 25.4498 1
0.2285 2.28714 0.162464 0.0844432 27.8101 25.4423 1
0.2295 2.28671 0.165532 0.0843654 27.807 25.4346 1
0.2305 2.28625 0.168828 0.0843118 27.8038 25.4266 1
0.2315 2.28577 0.172382 0.0842919 27.8004 25.4181 1
0.2325 2.28524 0.176217 0.0843186 27.7968 25.4089 1
0.2335 2.28466 0.180345 0.0844016 27.7929 25.399 1
0.2345 2.28406 0.184756 0.0845459 27.789 25.3887 1
0.2355 2.28347 0.189396 0.0847591 27.7851 25.3785 1
0.2365 2.28292 0.194238 0.0850441 27.7813 25.369 0.999999
0.2375 2.28245 0.199269 0.0853816 27.7779 25.3605 0.999998
0.2385 2.28206 0.204475 0.0857346 27.7751 25.3533 0.999995
0.2395 2.28184 0.209823 0.0860491 27.773 25.348 0.999986
0.2405 2.28191 0.21529 0.0862793 27.7719 25.3452 0.999963
0.2415 2.28248 0.221008 0.0864506 27.7714 25.3448 0.999905
0.2425 2.28409 0.227165 0.0870897 27.7703 25.3466 0.999766
0.2435 2.28797 0.233836 0.0891563 27.7654 25.3503 0.999442
0.2445 2.29666 0.240987 0.0932694 27.7522 25.3569 0.998723
0.2455 2.31515 0.24872 0.100257 27.7211 25.3668 0.997184
0.2465 2.35285 0.257079 0.110956 27.6558 25.3807 0.994018
0.2475 2.42746 0.265897 0.125757 27.5299 25.4 0.987708
0.2485 2.57227 0.274802 0.144794 27.3032 25.4276 0.975416
0.2495 2.847 0.283497 0.169967 26.9293 25.4689 0.952124
0.2505 3.34603 0.291539 0.205768 26.4007 25.5362 0.90999
0.2515 4.18643 0.296632 0.241519 25.7827 25.6083 0.839093
0.2525 5.50152 0.292414 0.25763 25.195 25.7178 0.728869
0.2535 7.44926 0.276215 0.254794 24.706 25.9874 0.570088
0.2545 10.0585 0.252843 0.247932 24.3959 26.3879 0.362052
0.2555 12.6402 0.213188 0.238437 24.0249 27.1117 0.183602
0.2565 14.4138 0.168503 0.230638 23.8292 27.9517 0.0816272
0.2575 15.3848 0.133709 0.228568 23.7993 28.5628 0.031795
0.2585 15.8543 0.109655 0.229454 23.7838 28.915 0.0109833
0.2595 16.0424 0.0939189 0.230348 23.7627 29.0526 0.00342535
0.2605 16.0439 0.0827908 0.229471 23.7864 29.0267 0.000977094
0.2615 15.9388 0.0782212 0.228108 23.8248 28.8662 0.000256716
0.2625 15.795 0.0769308 0.22885 23.8316 28.6093 6.21227e-05
0.2635 15.6502 0.0769122 0.23379 23.8021 28.311 1.35498e-05
0.2645 15.5087 0.0769577 0.243196 23.7549 27.9991 3.38009e-06
0.2655 15.3684 0.0767917 0.256248 23.7099 27.6932 3.68292e-06
0.2665 15.2262 0.0761846 0.2666 23.6777 27.3999 1.70002e-05
0.2675 15.0943 0.0759594 0.27576 23.6533 27.1365 0.000103191
0.2685 14.9779 0.0769795 0.284118 23.6197 26.8989 0.000558293
0.2695 14.8517 0.0799645 0.290759 23.5918 26.6851 0.00260447
0.2705 14.6634 0.0854259 0.296239 23.5907 26.5025 0.00990412
0.2715 14.3225 0.0932591 0.302971 23.6342 26.3589 0.0296428
0.2725 13.7443 0.102051 0.313903 23.7127 26.2599 0.0700715
0.2735 12.9524 0.110418 0.335472 23.7726 26.2127 0.132405
0.2745 12.0123 0.116105 0.370969 23.8373 26.1888 0.20869
0.2755 11.1435 0.117613 0.418111 23.9288 26.1259 0.276938
0.2765 11.0164 0.11187 0.47212 23.9574 26.0775 0.284959
0.2775 11.3017 0.10029 0.513695 23.8974 26.0361 0.261268
0.2785 11.8084 0.0899273 0.524331 23.7894 25.981 0.220083
0.2795 12.5528 0.08568 0.515839 23.7163 25.8879 0.155574
0.2805 13.0374 0.0847785 0.505991 23.6711 25.7123 0.108413
0.2815 12.4534 0.0832392 0.514052 23.6154 25.4364 0.149752
0.2825 9.5528 0.0758192 0.576459 23.9234 25.1205 0.38097
0.2835 6.40668 0.0473756 0.756173 24.5521 24.8362 0.640321
0.2845 5.66042 -0.00641909 1.04499 24.6769 24.6829 0.703596
0.2855 4.77403 -0.0797319 1.41981 25.0937 24.6221 0.778055
0.2865 3.57394 -0.155733 1.84227 26.013 24.7369 0.881936
0.2875 2.95269 -0.198821 2.10102 26.7189 25.0307 0.93884
0.2885 2.75202 -0.203663 2.17284 26.9814 25.2939 0.959127
0.2895 2.71715 -0.201966 2.17362 27.1255 25.4988 0.963361
0.2905 2.72493 -0.196724 2.0969 27.2606 25.6976 0.963344
0.2915 2.77955 -0.188964 1.95562 27.3261 25.87 0.959092
0.2925 2.85619 -0.191012 1.79976 27.239 25.9581 0.953356
0.2935 2.92867 -0.205914 1.64784 27.1697 26.0394 0.947851
0.2945 2.97955 -0.233459 1.50973 27.1591 26.1095 0.943768
0.2955 2.97547 -0.273259 1.38983 27.1812 26.1563 0.944449
0.2965 2.84944 -0.327752 1.30241 27.2935 26.1821 0.955864
0.2975 2.68607 -0.399177 1.26112 27.4965 26.2008 0.970078
0.2985 2.52478 -0.484885 1.25717 27.7592 26.2263 0.983829
0.2995 2.46427 -0.572796 1.26242 27.8569 26.2171 0.988891
0.3005 2.53503 -0.63417 1.18835 27.7774 26.3085 0.983433
0.3015 2.88846 -0.653792 1.03622 27.2517 26.3955 0.954761
0.3025 3.65132 -0.655135 0.896003 26.4417 26.4583 0.89219
0.3035 4.9122 -0.648612 0.77482 25.6076 26.4795 0.788847
0.3045 6.3355 -0.63585 0.670102 25.0529 26.5047 0.672687
0.3055 7.32139 -0.62623 0.58375 24.7777 26.5 0.592269
0.3065 7.87505 -0.62853 0.514746 24.5894 26.4391 0.54737
0.3075 8.1278 -0.641721 0.457097 24.5075 26.4166 0.527072
0.3085 8.18743 -0.662463 0.412076 24.4787 26.353 0.521001
0.3095 8.15332 -0.687479 0.380759 24.4883 26.2767 0.521632
0.3105 7.96295 -0.712838 0.365126 24.5443 26.1995 0.534628
0.3115 7.53186 -0.736705 0.361394 24.6179 26.1399 0.569022
0.3125 6.747 -0.758525 0.36512 24.8319 26.0978 0.632223
0.3135 5.52588 -0.778014 0.381154 25.2357 26.0805 0.732886
0.3145 4.31015 -0.797065 0.417632 25.7987 26.0743 0.834434
0.3155 3.45525 -0.819373 0.461544 26.4459 26.07 0.905697
0.3165 2.93736 -0.847302 0.491582 27.0287 26.0846 0.948988
0.3175 2.65379 -0.878825 0.506917 27.447 26.107 0.972791
0.3185 2.51103 -0.911724 0.510756 27.6966 26.1312 0.984852
0.3195 2.44454 -0.945805 0.503003 27.8238 26.1504 0.990526
0.3205 2.4169 -0.979233 0.473243 27.8792 26.1677 0.992965
0.3215 2.40808 -1.00954 0.439436 27.9032 26.1914 0.993858
0.3225 2.40726 -1.0359 0.407396 27.9124 26.2125 0.994055
0.3235 2.4101 -1.0584 0.371867 27.9176 26.233 0.993913
0.3245 2.41846 -1.07673 0.332086 27.9103 26.2549 0.993343
0.3255 2.43029 -1.09074 0.290098 27.899 26.2804 0.992496
0.3265 2.44392 -1.10049 0.244719 27.8853 26.3106 0.991537
0.3275 2.45741 -1.10617 0.198455 27.8779 26.3485 0.990613
0.3285 2.47058 -1.10799 0.151462 27.8758 26.4001 0.989802
0.3295 2.48166 -1.10588 0.103264 27.8801 26.4574 0.9892
0.3305 2.49053 -1.09949 0.0538982 27.8906 26.5231 0.98884
0.3315 2.49734 -1.08792 0.00460153 27.9071 26.5958 0.988697
0.3325 2.49935 -1.0711 -0.0444785 27.9389 26.678 0.988977
0.3335 2.49264 -1.04907 -0.0916312 27.9913 26.7706 0.990026
0.3345 2.47988 -1.02158 -0.135295 28.0601 26.8723 0.991603
0.3355 2.46509 -0.988428 -0.174157 28.1354 26.9808 0.993377
0.3365 2.45003 -0.949315 -0.206679 28.2156 27.0922 0.995156
0.3375 2.43676 -0.904571 -0.231658 28.2917 27.2003 0.996759
0.3385 2.42648 -0.855973 -0.248343 28.3585 27.2964 0.99804
0.3395 2.41989 -0.806447 -0.257457 28.4123 27.3781 0.99894
0.3405 2.41697 -0.758481 -0.26167 28.4527 27.4483 0.999492
0.3415 2.4176 -0.71194 -0.262518 28.4831 27.5194 0.999788
0.3425 2.41958 -0.669358 -0.257562 28.5014 27.5756 0.999924
0.3435 2.42248 -0.630788 -0.25046 28.5126 27.6257 0.999976
0.3445 2.42573 -0.595427 -0.242698 28.5192 27.6712 0.999994
0.3455 2.42898 -0.562699 -0.234452 28.5246 27.7141 0.999998
0.3465 2.43199 -0.532251 -0.225444 28.5311 27.7549 1
0.3475 2.43473 -0.503919 -0.215901 28.5393 27.7942 1
0.3485 2.43727 -0.477567 -0.205873 28.5492 27.8328 1
0.3495 2.4397 -0.453103 -0.195614 28.56 27.8712 1
0.3505 2.44213 -0.430433 -0.185161 28.5714 27.9101 1
0.3515 2.4446 -0.409476 -0.174612 28.5834 27.95 1
0.3525 2.44717 -0.390146 -0.164003 28.5956 27.9913 1
0.3535 2.44989 -0.372323 -0.153377 28.6082 28.0348 1
0.3545 2.4528 -0.355863 -0.142805 28.6214 28.0811 1
0.3555 2.45592 -0.340616 -0.132409 28.6356 28.1307 1
0.3565 2.45925 -0.326438 -0.122319 28.6509 28.1838 1
0.3575 2.46277 -0.313208 -0.112621 28.667 28.2401 1
0.3585 2.46646 -0.300835 -0.103339 28.6839 28.2991 1
0.3595 2.47028 -0.289276 -0.0944736 28.7014 28.3601 1
0.3605 2.47419 -0.278524 -0.0860255 28.7192 28.4227 1
0.3615 2.47817 -0.268583 -0.0780054 28.7372 28.4863 1
0.3625 2.48218 -0.259456 -0.0704149 28.7554 28.5505 1
0.3635 2.48623 -0.251147 -0.0632223 28.7738 28.6153 1
0.3645 2.49029 -0.243633 -0.0563815 28.7925 28.6807 1
0.3655 2.49439 -0.236881 -0.0498504 28.8115 28.7469 1
0.3665 2.4985 -0.230848 -0.043572 28.8309 28.8135 1
0.3675 2.50254 -0.225436 -0.037482 28.85 28.8794 1
0.3685 2.50646 -0.220563 -0.0316077 28.8686 28.9432 1
0.3695 2.51019 -0.216113 -0.0259774 28.886 29.0038 1
0.3705 2.51367 -0.211961 -0.0205554 28.9019 29.0599 1
0.3715 2.51684 -0.207984 -0.0152567 28.9158 29.1106 1
0.3725 2.51968 -0.20404 -0.0100237 28.9276 29.1554 1
0.3735 2.52215 -0.199949 -0.00484261 28.9372 29.1936 1
0.3745 2.52421 -0.19558 0.000223032 28.9444 29.2247 1
0.3755 2.52587 -0.190872 0.00513426 28.9491 29.2487 1
0.3765 2.52712 -0.185743 0.00996911 28.9515 29.2655 1
0.3775 2.52792 -0.180053 0.0148444 28.9512 29.2745 1
0.3785 2.52827 -0.173695 0.0196542 28.9487 29.2761 1
0.3795 2.52833 -0.166814 0.0241403 28.9446 29.2725 1
0.3805 2.52816 -0.1594 0.0285012 28.9396 29.2655 1
0.3815 2.52773 -0.151507 0.0327286 28.9338 29.2547 1
0.3825 2.52696 -0.14305 0.0368749 28.927 29.239 1
0.3835 2.52584 -0.134111 0.0408658 28.9192 29.2182 1
0.3845 2.5244 -0.124805 0.0445843 28.9103 29.1925 1
0.3855 2.52263 -0.115189 0.0479491 28.9003 29.1618 1
0.3865 2.52057 -0.105339 0.0509396 28.8891 29.1268 1
0.3875 2.51834 -0.095379 0.0535931 28.877 29.0888 1
0.3885 2.51601 -0.0854277 0.0559802 28.8644 29.0492 1
0.3895 2.51359 -0.0755098 0.05817 28.8511 29.008 1
0.3905 2.51109 -0.0656347 0.060218 28.8376 28.9655 1
0.3915 2.50858 -0.0559856 0.0621687 28.8241 28.9231 1
0.3925 2.50616 -0.0466405 0.0639714 28.8111 28.8822 1
0.3935 2.50388 -0.0375839 0.0654687 28.7988 28.8435 1
0.3945 2.50174 -0.0288355 0.0666424 28.7873 28.8073 1
0.3955 2.49973 -0.0204315 0.0676368 28.7767 28.7736 1
0.3965 2.49788 -0.0123994 0.0685829 28.7668 28.7425 1
0.3975 2.49619 -0.00473616 0.0694503 28.7577 28.7139 1
0.3985 2.49465 0.00257052 0.0702361 28.7493 28.6878 1
0.3995 2.49327 0.00953472 0.0709703 28.7416 28.6642 1
0.4005 2.49206 0.016157 0.0716872 28.7347 28.6434 1
0.4015 2.49101 0.0224243 0.072514 28.7287 28.6255 1
0.4025 2.49015 0.0283436 0.0734924 28.7237 28.6105 1
0.4035 2.48948 0.0339721 0.0745885 28.7196 28.5988 1
0.4045 2.48903 0.03938 0.0757312 28.7166 28.5905 1
0.4055 2.48877 0.0446108 0.0769124 28.7145 28.5855 1
0.4065 2.48869 0.049706 0.0782117 28.7132 28.5832 1
0.4075 2.48875 0.0547169 0.0796787 28.7126 28.5833 1
0.4085 2.4889 0.0595134 0.0813536 28.7125 28.5851 1
0.4095 2.48912 0.0641308 0.0832281 28.7129 28.5879 1
0.4105 2.48935 0.0685858 0.0852911 28.7134 28.591 1
0.4115 2.48958 0.0728853 0.0875226 28.7138 28.5942 1
0.4125 2.48979 0.0770094 0.0898936 28.7142 28.597 1
0.4135 2.48998 0.0809453 0.0923652 28.7145 28.5993 1
0.4145 2.49013 0.084683 0.0949275 28.7146 28.6013 1
0.4155 2.49029 0.0882266 0.0975889 28.7149 28.6033 1
0.4165 2.49048 0.0915576 0.100311 28.7153 28.606 1
0.4175 2.49074 0.0946742 0.103052 28.7164 28.61 1
0.4185 2.49114 0.097586 0.105769 28.7181 28.6163 1
0.4195 2.49169 0.100302 0.108416 28.7207 28.6253 1
0.4205 2.49246 0.102822 0.110946 28.7243 28.6377 1
0.4215 2.49348 0.105158 0.113337 28.729 28.6541 1
0.4225 2.49477 0.107331 0.115723 28.7348 28.6747 1
0.4235 2.49632 0.109349 0.118223 28.7418 28.6995 1
0.4245 2.4981 0.111184 0.120862 28.7498 28.7279 1
0.4255 2.50005 0.112761 0.123567 28.7586 28.7592 1
0.4265 2.50214 0.113964 0.12627 28.768 28.7926 1
0.4275 2.50435 0.114705 0.128806 28.7779 28.8279 1
0.4285 2.50663 0.114975 0.131298 28.788 28.8642 1
0.4295 2.50895 0.11474 0.13347 28.7981 28.9013 1
0.4305 2.51142 0.113854 0.135798 28.809 28.9406 1
0.4315 2.51394 0.112419 0.13812 28.8201 28.9808 1
0.4325 2.51654 0.110303 0.14048 28.8315 29.0222 1
0.4335 2.51922 0.107445 0.142826 28.8435 29.0652 1
0.4345 2.52201 0.103822 0.145052 28.8558 29.1099 1
0.4355 2.5249 0.0994375 0.147106 28.8687 29.1561 1
0.4365 2.52791 0.0942791 0.149056 28.8822 29.2046 1
0.4375 2.53109 0.0883338 0.150953 28.8965 29.2558 1
0.4385 2.5344 0.0816297 0.152894 28.9117 29.3095 1
0.4395 2.53784 0.0741685 0.155026 28.9274 29.3653 1
0.4405 2.54142 0.0659591 0.157362 28.9438 29.4233 1
0.4415 2.54501 0.0572687 0.159737 28.9603 29.4817 1
0.4425 2.54817 0.0487541 0.161813 28.9747 29.533 1
0.4435 2.5508 0.0406948 0.163454 28.9867 29.5757 1
0.4445 2.55287 0.0331866 0.164645 28.9964 29.6096 1
0.4455 2.55441 0.026233 0.165409 29.0039 29.6351 1
0.4465 2.55549 0.019767 0.165816 29.0095 29.6534 1
0.4475 2.55628 0.0137629 0.16604 29.0129 29.6661 1
0.4485 2.55694 0.00808215 0.166472 29.0129 29.6737 1
0.4495 2.55797 0.00272134 0.167903 29.0057 29.6783 1
0.4505 2.55767 -0.00273218 0.167536 29.0043 29.6733 1
0.4515 2.55663 -0.00811996 0.166105 29.0115 29.6687 1
