-0.015 5.04 0 0 2.13347 1 0
-0.005 5.04 0 0 2.13347 1 0
0.005 5.04 0 0 2.13347 1 0
0.015 5.04 0 0 2.13347 1 0
0.025 5.04 0 0 2.13347 1 0
0.035 5.04 0 0 2.13347 1 0
0.045 5.04 0 0 2.13347 1 0
0.055 5.04 0 0 2.13347 1 0
0.065 5.04 0 0 2.13347 1 0
0.075 5.04 0 0 2.13347 1 0
0.085 5.04 0 0 2.13347 1 0
0.095 5.04 0 0 2.13347 1 0
0.105 5.04 0 0 2.13347 1 0
0.115 5.04 0 0 2.13347 1 0
0.125 5.04 0 0 2.13347 1 0
0.135 5.04 0 0 2.13347 1 0
0.145 5.04 0 0 2.13347 1 0
0.155 5.04 0 0 2.13347 1 0
0.165 5.04 0 0 2.13347 1 0
0.175 5.04 0 0 2.13347 1 0
0.185 5.04 0 0 2.13347 1 0
0.195 5.04 0 0 2.13347 1 0
0.205 5.04 0 0 2.13347 1 0
0.215 5.04 0 0 2.13347 1 0
0.225 5.04 0 0 2.13347 1 0
0.235 5.04 0 0 2.13347 1 0
0.245 5.04 0 0 2.13347 1 0
0.255 5.04 0 0 2.13347 1 0
0.265 5.04 0 0 2.13347 1 0
0.275 5.04 0 0 2.13347 1 0
0.285 5.04 0 0 2.13347 1 0
0.295 5.04 0 0 2.13347 1 0
0.305 5.04 0 0 2.13347 1 0
0.315 5.04 0 0 2.13347 1 0
0.325 5.04 0 0 2.13347 1 0
0.335 5.04 0 0 2.13347 1 0
0.345 5.04 0 0 2.13347 1 0
0.355 5.04 0 0 2.13347 1 0
0.365 5.04 0 0 2.13347 1 0
0.375 5.04 0 0 2.13347 1 0
0.385 5.04 0 0 2.13347 1 0
0.395 5.04 0 0 2.13347 1 0
0.405 5.04 0 0 2.13347 1 0
0.415 5.04 0 0 2.13347 1 0
0.425 5.04 0 0 2.13347 1 0
0.435 5.04 0 0 2.13347 1 0
0.445 5.04 0 0 2.13347 1 0
0.455 5.04 0 0 2.13347 1 0
0.465 5.04 0 0 2.13347 1 0
0.475 5.04 0 0 2.13347 1 0
0.485 5.04 0 0 2.13347 1 0
0.495 5.04 0 0 2.13347 1 0
0.505 5.04 0 0 2.13347 1 0
0.515 5.04 0 0 2.13347 1 0
0.525 5.04 0 0 2.13347 1 0
0.535 5.04 0 0 2.13347 1 0
0.545 5.04 0 0 2.13347 1 0
0.555 5.04 0 0 2.13347 1 0
0.565 5.04 0 0 2.13347 1 0
0.575 5.04 0 0 2.13347 1 0
0.585 5.04 0 0 2.13347 1 0
0.595 5.04 0 0 2.13347 1 0
0.605 5.04 0 0 2.13347 1 0
0.615 5.04 0 0 2.13347 1 0
0.625 5.04 0 0 2.13347 1 0
0.635 5.04 0 0 2.13347 1 0
0.645 5.04 0 0 2.13347 1 0
0.655 5.04 0 0 2.13347 1 0
0.665 5.04 0 0 2.13347 1 0
0.675 5.04 0 0 2.13347 1 0
0.685 5.04 0 0 2.13347 1 0
0.695 5.04 0 0 2.13347 1 0
0.705 5.04 0 0 2.13347 1 0
0.715 5.04 0 0 2.13347 1 0
0.725 5.04 0 0 2.13347 1 0
0.735 5.04 0 0 2.13347 1 0
0.745 5.04 0 0 2.13347 1 0
0.755 5.04 0 0 2.13347 1 0
0.765 5.04 0 0 2.13347 1 0
0.775 5.04 0 0 2.13347 1 0
0.785 5.04 0 0 2.13347 1 0
0.795 5.04 0 0 2.13347 1 0
0.805 5.04 0 0 2.13347 1 0
0.815 5.04 0 0 2.13347 1 0
0.825 5.04 0 0 2.13347 1 0
0.835 5.04 0 0 2.13347 1 0
0.845 5.04 0 0 2.13347 1 0
0.855 5.04 0 0 2.13347 1 0
0.865 5.04 0 0 2.13347 1 0
0.875 5.04 0 0 2.13347 1 0
0.885 5.04 0 0 2.13347 1 0
0.895 5.04 0 0 2.13347 1 0
0.905 5.04 0 0 2.13347 1 0
0.915 5.04 0 0 2.13347 1 0
0.925 5.04 0 0 2.13347 1 0
0.935 5.04 0 0 2.13347 1 0
0.945 5.04 0 0 2.13347 1 0
0.955 5.04 0 0 2.13347 1 0
0.965 5.04 0 0 2.13347 1 0
0.975 5.04 0 0 2.13347 1 0
0.985 5.04 0 0 2.13347 1 0
0.995 5.04 0 0 2.13347 1 0
1.005 5.04 0 0 2.13347 1 0
1.015 5.04 0 0 2.13347 1 0
1.025 5.04 0 0 2.13347 1 0
1.035 5.04 0 0 2.13347 1 0
1.045 5.04 0 0 2.13347 1 0
1.055 5.04 0 0 2.13347 1 0
1.065 5.04 0 0 2.13347 1 0
1.075 5.04 0 0 2.13347 1 0
1.085 5.04 0 0 2.13347 1 0
1.095 5.04 0 0 2.13347 1 0
1.105 5.04 0 0 2.13347 1 0
1.115 5.04 0 0 2.13347 1 0
1.125 5.04 0 0 2.13347 1 0
1.135 5.04 0 0 2.13347 1 0
1.145 5.04 0 0 2.13347 1 0
1.155 5.04 0 0 2.13347 1 0
1.165 5.04 0 0 2.13347 1 0
1.175 5.04 0 0 2.13347 1 0
1.185 5.04 0 0 2.13347 1 0
1.195 5.04 0 0 2.13347 1 0
1.205 5.04 0 0 2.13347 1 0
1.215 5.04 0 0 2.13347 1 0
1.225 5.04 0 0 2.13347 1 0
1.235 5.04 0 0 2.13347 1 0
1.245 5.04 0 0 2.13347 1 0
1.255 5.04 0 0 2.13347 1 0
1.265 5.04 0 0 2.13347 1 0
1.275 5.04 0 0 2.13347 1 0
1.285 5.04 0 0 2.13347 1 0
1.295 5.04 0 0 2.13347 1 0
1.305 5.04 0 0 2.13347 1 0
1.315 5.04 0 0 2.13347 1 0
1.325 5.04 0 0 2.13347 1 0
1.335 5.04 0 0 2.13347 1 0
1.345 5.04 0 0 2.13347 1 0
1.355 5.04 0 0 2.13347 1 0
1.365 5.04 0 0 2.13347 1 0
1.375 5.04 0 0 2.13347 1 0
1.385 5.04 0 0 2.13347 1 0
1.395 5.04 0 0 2.13347 1 0
1.405 5.04 0 0 2.13347 1 0
1.415 5.04 0 0 2.13347 1 0
1.425 5.04 0 0 2.13347 1 0
1.435 5.04 0 0 2.13347 1 0
1.445 5.04 0 0 2.13347 1 0
1.455 5.04 0 0 2.13347 1 0
1.465 5.04 0 0 2.13347 1 0
1.475 5.04 0 0 2.13347 1 0
1.485 5.04 0 0 2.13347 1 0
1.495 5.04 0 0 2.13347 1 0
1.505 5.04 0 0 2.13347 1 0
1.515 5.04 0 0 2.13347 1 0
1.525 5.04 0 0 2.13347 1 0
1.535 5.04 0 0 2.13347 1 0
1.545 5.04 0 0 2.13347 1 0
1.555 5.04 0 0 2.13347 1 0
1.565 5.04 0 0 2.13347 1 0
1.575 5.04 0 0 2.13347 1 0
1.585 5.04 0 0 2.13347 1 0
1.595 5.04 0 0 2.13347 1 0
1.605 5.04 0 0 2.13347 1 0
1.615 5.04 0 0 2.13347 1 0
1.625 5.04 0 0 2.13347 1 0
1.635 5.04 0 0 2.13347 1 0
1.645 5.04 0 0 2.13347 1 0
1.655 5.04 0 0 2.13347 1 0
1.665 5.04 0 0 2.13347 1 0
1.675 5.04 0 0 2.13347 1 0
1.685 5.04 0 0 2.13347 1 0
1.695 5.04 0 0 2.13347 1 0
1.705 5.04 0 0 2.13347 1 0
1.715 5.04 0 0 2.13347 1 0
1.725 5.04 0 0 2.13347 1 0
1.735 5.04 0 0 2.13347 1 0
1.745 5.04 0 0 2.13347 1 0
1.755 5.04 0 0 2.13347 1 0
1.765 5.04 0 0 2.13347 1 0
1.775 5.04 0 0 2.13347 1 0
1.785 5.04 0 0 2.13347 1 0
1.795 5.04 0 0 2.13347 1 0
1.805 5.04 0 0 2.13347 1 0
1.815 5.04 0 0 2.13347 1 0
1.825 5.04 0 0 2.13347 1 0
1.835 5.04 0 0 2.13347 1 0
1.845 5.04 0 0 2.13347 1 0
1.855 5.04 0 0 2.13347 1 0
1.865 5.04 0 0 2.13347 1 0
1.875 5.04 0 0 2.13347 1 0
1.885 5.04 0 0 2.13347 1 0
1.895 5.04 0 0 2.13347 1 0
1.905 5.04 0 0 2.13347 1 0
1.915 5.04 0 0 2.13347 1 0
1.925 5.04 0 0 2.13347 1 0
1.935 5.04 0 0 2.13347 1 0
1.945 5.04 0 0 2.13347 1 0
1.955 5.04 0 0 2.13347 1 0
1.965 5.04 0 0 2.13347 1 0
1.975 5.04 0 0 2.13347 1 0
1.985 5.04 0 0 2.13347 1 0
1.995 5.04 0 0 2.13347 1 0
2.005 5.04 0 0 2.13347 1 0
2.015 5.04 0 0 2.13347 1 0
2.025 5.04 0 0 2.13347 1 0
2.035 5.04 0 0 2.13347 1 0
2.045 5.04 0 0 2.13347 1 0
2.055 5.04 0 0 2.13347 1 0
2.065 5.04 0 0 2.13347 1 0
2.075 5.04 0 0 2.13347 1 0
2.085 5.04 0 0 2.13347 1 0
2.095 5.04 0 0 2.13347 1 0
2.105 5.04 0 0 2.13347 1 0
2.115 5.04 0 0 2.13347 1 0
2.125 5.04 0 0 2.13347 1 0
2.135 5.04 0 0 2.13347 1 0
2.145 5.04 0 0 2.13347 1 0
2.155 5.04 0 0 2.13347 1 0
2.165 5.04 0 0 2.13347 1 0
2.175 5.04 0 0 2.13347 1 0
2.185 5.04 0 0 2.13347 1 0
2.195 5.04 0 0 2.13347 1 0
2.205 5.04 0 0 2.13347 1 0
2.215 5.04 0 0 2.13347 1 0
2.225 5.04 0 0 2.13347 1 0
2.235 5.04 0 0 2.13347 1 0
2.245 5.04 0 0 2.13347 1 0
2.255 5.04 0 0 2.13347 1 0
2.265 5.04 0 0 2.13347 1 0
2.275 5.04 0 0 2.13347 1 0
2.285 5.04 0 0 2.13347 1 0
2.295 5.04 0 0 2.13347 1 0
2.305 5.04 0 0 2.13347 1 0
2.315 5.04 0 0 2.13347 1 0
2.325 5.04 0 0 2.13347 1 0
2.335 5.04 0 0 2.13347 1 0
2.345 5.04 0 0 2.13347 1 0
2.355 5.04 0 0 2.13347 1 0
2.365 5.04 0 0 2.13347 1 0
2.375 5.04 0 0 2.13347 1 0
2.385 5.04 0 0 2.13347 1 0
2.395 5.04 0 0 2.13347 1 0
2.405 5.04 0 0 2.13347 1 0
2.415 5.04 0 0 2.13347 1 0
2.425 5.04 0 0 2.13347 1 0
2.435 5.04 0 0 2.13347 1 0
2.445 5.04 0 0 2.13347 1 0
2.455 5.04 0 0 2.13347 1 0
2.465 5.04 0 0 2.13347 1 0
2.475 5.04 0 0 2.13347 1 0
2.485 5.04 0 0 2.13347 1 0
2.495 5.04 0 0 2.13347 1 0
2.505 5.04 0 0 2.13347 1 0
2.515 5.04 0 0 2.13347 1 0
2.525 5.04 0 0 2.13347 1 0
2.535 5.04 0 0 2.13347 1 0
2.545 5.04 0 0 2.13347 1 0
2.555 5.04 0 0 2.13347 1 0
2.565 5.04 0 0 2.13347 1 0
2.575 5.04 0 0 2.13347 1 0
2.585 5.04 0 0 2.13347 1 0
2.595 5.04 0 0 2.13347 1 0
2.605 5.04 0 0 2.13347 1 0
2.615 5.04 0 0 2.13347 1 0
2.625 5.04 0 0 2.13347 1 0
2.635 5.04 0 0 2.13347 1 0
2.645 5.04 0 0 2.13347 1 0
2.655 5.04 0 0 2.13347 1 0
2.665 5.04 0 0 2.13347 1 0
2.675 5.04 0 0 2.13347 1 0
2.685 5.04 0 0 2.13347 1 0
2.695 5.04 0 0 2.13347 1 0
2.705 5.04 0 0 2.13347 1 0
2.715 5.04 0 0 2.13347 1 0
2.725 5.04 0 0 2.13347 1 0
2.735 5.04 0 0 2.13347 1 0
2.745 5.04 0 0 2.13347 1 0
2.755 5.04 0 0 2.13347 1 0
2.765 5.04 0 0 2.13347 1 0
2.775 5.04 0 0 2.13347 1 0
2.785 5.04 0 0 2.13347 1 0
2.795 5.04 0 0 2.13347 1 0
2.805 5.04 0 0 2.13347 1 0
2.815 5.04 0 0 2.13347 1 0
2.825 5.04 0 0 2.13347 1 0
2.835 5.04 0 0 2.13347 1 0
2.845 5.04 0 0 2.13347 1 0
2.855 5.04 0 0 2.13347 1 0
2.865 5.04 0 0 2.13347 1 0
2.875 5.04 0 0 2.13347 1 0
2.885 4.838 0 0 2.13726 1 0.05
2.895 1.4444 0 0 2.35932 1 0.89
2.905 1 0 0 2.5 1 1
2.915 1 0 0 2.5 1 1
2.925 1 0 0 2.5 1 1
2.935 1 0 0 2.5 1 1
2.945 1 0 0 2.5 1 1
2.955 1 0 0 2.5 1 1
2.965 1 0 0 2.5 1 1
2.975 1 0 0 2.5 1 1
2.985 1 0 0 2.5 1 1
2.995 1 0 0 2.5 1 1
3.005 1 0 0 2.5 1 1
3.015 1 0 0 2.5 1 1
3.025 1 0 0 2.5 1 1
3.035 1 0 0 2.5 1 1
3.045 1 0 0 2.5 1 1
3.055 1 0 0 2.5 1 1
3.065 1 0 0 2.5 1 1
3.075 1 0 0 2.5 1 1
3.085 1 0 0 2.5 1 1
3.095 1 0 0 2.5 1 1
3.105 1 0 0 2.5 1 1
3.115 1 0 0 2.5 1 1
3.125 1 0 0 2.5 1 1
3.135 1 0 0 2.5 1 1
3.145 1 0 0 2.5 1 1
3.155 1 0 0 2.5 1 1
3.165 1 0 0 2.5 1 1
3.175 1 0 0 2.5 1 1
3.185 1 0 0 2.5 1 1
3.195 1 0 0 2.5 1 1
3.205 1.411 -0.39 0 2.88448 1.628 1
3.215 1.411 -0.39 0 2.88448 1.628 1
3.225 1.411 -0.39 0 2.88448 1.628 1
3.235 1.411 -0.39 0 2.88448 1.628 1
3.245 1.411 -0.39 0 2.88448 1.628 1
3.255 1.411 -0.39 0 2.88448 1.628 1
3.265 1.411 -0.39 0 2.88448 1.628 1
3.275 1.411 -0.39 0 2.88448 1.628 1
3.285 1.411 -0.39 0 2.88448 1.628 1
3.295 1.411 -0.39 0 2.88448 1.628 1
3.305 1.411 -0.39 0 2.88448 1.628 1
3.315 1.411 -0.39 0 2.88448 1.628 1
3.325 1.411 -0.39 0 2.88448 1.628 1
3.335 1.411 -0.39 0 2.88448 1.628 1
3.345 1.411 -0.39 0 2.88448 1.628 1
3.355 1.411 -0.39 0 2.88448 1.628 1
3.365 1.411 -0.39 0 2.88448 1.628 1
3.375 1.411 -0.39 0 2.88448 1.628 1
3.385 1.411 -0.39 0 2.88448 1.628 1
3.395 1.411 -0.39 0 2.88448 1.628 1
3.405 1.411 -0.39 0 2.88448 1.628 1
3.415 1.411 -0.39 0 2.88448 1.628 1
3.425 1.411 -0.39 0 2.88448 1.628 1
3.435 1.411 -0.39 0 2.88448 1.628 1
3.445 1.411 -0.39 0 2.88448 1.628 1
3.455 1.411 -0.39 0 2.88448 1.628 1
3.465 1.411 -0.39 0 2.88448 1.628 1
3.475 1.411 -0.39 0 2.88448 1.628 1
3.485 1.411 -0.39 0 2.88448 1.628 1
3.495 1.411 -0.39 0 2.88448 1.628 1
3.505 1.411 -0.39 0 2.88448 1.628 1
3.515 1.411 -0.39 0 2.88448 1.628 1
3.525 1.411 -0.39 0 2.88448 1.628 1
3.535 1.411 -0.39 0 2.88448 1.628 1
3.545 1.411 -0.39 0 2.88448 1.628 1
3.555 1.411 -0.39 0 2.88448 1.628 1
3.565 1.411 -0.39 0 2.88448 1.628 1
3.575 1.411 -0.39 0 2.88448 1.628 1
3.585 1.411 -0.39 0 2.88448 1.628 1
3.595 1.411 -0.39 0 2.88448 1.628 1
3.605 1.411 -0.39 0 2.88448 1.628 1
3.615 1.411 -0.39 0 2.88448 1.628 1
3.625 1.411 -0.39 0 2.88448 1.628 1
3.635 1.411 -0.39 0 2.88448 1.628 1
3.645 1.411 -0.39 0 2.88448 1.628 1
3.655 1.411 -0.39 0 2.88448 1.628 1
3.665 1.411 -0.39 0 2.88448 1.628 1
3.675 1.411 -0.39 0 2.88448 1.628 1
3.685 1.411 -0.39 0 2.88448 1.628 1
3.695 1.411 -0.39 0 2.88448 1.628 1
3.705 1.411 -0.39 0 2.88448 1.628 1
3.715 1.411 -0.39 0 2.88448 1.628 1
3.725 1.411 -0.39 0 2.88448 1.628 1
3.735 1.411 -0.39 0 2.88448 1.628 1
3.745 1.411 -0.39 0 2.88448 1.628 1
3.755 1.411 -0.39 0 2.88448 1.628 1
3.765 1.411 -0.39 0 2.88448 1.628 1
3.775 1.411 -0.39 0 2.88448 1.628 1
3.785 1.411 -0.39 0 2.88448 1.628 1
3.795 1.411 -0.39 0 2.88448 1.628 1
3.805 1.411 -0.39 0 2.88448 1.628 1
3.815 1.411 -0.39 0 2.88448 1.628 1
3.825 1.411 -0.39 0 2.88448 1.628 1
3.835 1.411 -0.39 0 2.88448 1.628 1
3.845 1.411 -0.39 0 2.88448 1.628 1
3.855 1.411 -0.39 0 2.88448 1.628 1
3.865 1.411 -0.39 0 2.88448 1.628 1
3.875 1.411 -0.39 0 2.88448 1.628 1
3.885 1.411 -0.39 0 2.88448 1.628 1
3.895 1.411 -0.39 0 2.88448 1.628 1
3.905 1.411 -0.39 0 2.88448 1.628 1
3.915 1.411 -0.39 0 2.88448 1.628 1
3.925 1.411 -0.39 0 2.88448 1.628 1
3.935 1.411 -0.39 0 2.88448 1.628 1
3.945 1.411 -0.39 0 2.88448 1.628 1
3.955 1.411 -0.39 0 2.88448 1.628 1
3.965 1.411 -0.39 0 2.88448 1.628 1
3.975 1.411 -0.39 0 2.88448 1.628 1
3.985 1.411 -0.39 0 2.88448 1.628 1
3.995 1.411 -0.39 0 2.88448 1.628 1
4.005 1.411 -0.39 0 2.88448 1.628 1
4.015 1.411 -0.39 0 2.88448 1.628 1
