0 0 0
4.19413e-07 0.000134557 1.37227e-15
8.3876e-07 0.000269093 1.37227e-15
1.258e-06 0.000403594 1.37227e-15
1.67707e-06 0.000538043 -6.86134e-16
2.09606e-06 0.000672463 -1.14356e-15
3.1435e-06 0.00100851 6.86134e-16
4.19086e-06 0.00134452 2.40147e-15
5.23822e-06 0.00168054 1.60098e-15
6.28555e-06 0.00201654 -5.71779e-16
7.33243e-06 0.00235241 8.0049e-16
8.37893e-06 0.00268815 1.14356e-16
9.42553e-06 0.00302392 2.28711e-16
1.04724e-05 0.00335977 -6.86134e-16
1.1519e-05 0.00369556 -5.71779e-16
1.25655e-05 0.0040313 -5.71779e-16
1.36121e-05 0.00436705 9.14846e-16
1.46584e-05 0.00470274 4.57423e-16
1.57044e-05 0.00503833 -4.57423e-16
1.67503e-05 0.00537388 1.60098e-15
1.77962e-05 0.00570942 1.0292e-15
1.88422e-05 0.00604499 3.43067e-16
1.98882e-05 0.00638059 4.57423e-16
2.09344e-05 0.00671623 8.0049e-16
2.19808e-05 0.00705192 4.57423e-16
2.30272e-05 0.00738764 -3.43067e-16
2.40736e-05 0.00772336 2.28711e-16
2.51201e-05 0.00805909 3.43067e-16
2.61666e-05 0.00839483 3.43067e-16
2.72131e-05 0.00873059 -1.37227e-15
2.82597e-05 0.00906635 2.28711e-15
2.93063e-05 0.00940213 0
3.03529e-05 0.00973791 0
3.13995e-05 0.0100737 -4.57423e-16
3.24461e-05 0.0104094 -1.37227e-15
3.34927e-05 0.0107452 4.57423e-16
3.45393e-05 0.011081 1.60098e-15
3.55859e-05 0.0114168 -1.14356e-15
3.66325e-05 0.0117525 3.65938e-15
3.76792e-05 0.0120883 -5.71779e-16
3.8726e-05 0.0124242 -1.14356e-16
3.97728e-05 0.01276 1.14356e-16
4.08196e-05 0.0130958 2.51583e-15
4.18664e-05 0.0134317 0
4.29132e-05 0.0137675 1.48662e-15
4.39601e-05 0.0141034 1.0292e-15
4.50069e-05 0.0144392 -2.28711e-16
4.60538e-05 0.0147751 -9.14846e-16
4.71006e-05 0.0151109 1.14356e-16
4.81475e-05 0.0154468 3.43067e-16
4.91943e-05 0.0157826 -1.0292e-15
5.02412e-05 0.0161185 -1.14356e-16
5.12881e-05 0.0164544 -1.71534e-15
5.2335e-05 0.0167902 -2.28711e-16
5.33819e-05 0.0171261 1.14356e-16
5.44289e-05 0.017462 0
5.54758e-05 0.0177979 -5.71779e-16
5.65228e-05 0.0181338 -5.71779e-16
5.75698e-05 0.0184697 3.43067e-16
5.86168e-05 0.0188056 -3.43067e-16
5.96638e-05 0.0191415 -1.37227e-15
6.07108e-05 0.0194774 -9.14846e-16
6.17578e-05 0.0198133 -1.14356e-16
6.28048e-05 0.0201492 -2.40147e-15
6.38518e-05 0.0204851 -1.48662e-15
6.48989e-05 0.020821 -4.57423e-16
6.59459e-05 0.0211569 -2.17276e-15
6.69929e-05 0.0214928 -5.71779e-16
6.804e-05 0.0218288 -2.40147e-15
6.9087e-05 0.0221647 -1.82969e-15
7.01341e-05 0.0225006 -2.0584e-15
7.11812e-05 0.0228365 -1.82969e-15
7.22283e-05 0.0231725 -4.23116e-15
7.32754e-05 0.0235084 -5.71779e-16
7.43225e-05 0.0238443 -4.00245e-15
7.53696e-05 0.0241803 -3.31632e-15
7.64167e-05 0.0245162 -5.48907e-15
7.74638e-05 0.0248521 -4.34552e-15
7.85109e-05 0.0251881 -4.00245e-15
7.9558e-05 0.025524 -5.37472e-15
8.06052e-05 0.0258599 -6.28956e-15
8.16523e-05 0.0261959 -5.26036e-15
8.26995e-05 0.0265318 -5.9465e-15
8.37466e-05 0.0268678 -7.54748e-15
8.47938e-05 0.0272038 -8.91975e-15
8.5841e-05 0.0275397 -8.11926e-15
8.68881e-05 0.0278757 -9.60588e-15
8.79353e-05 0.0282116 -9.60588e-15
8.89819e-05 0.0285474 -8.34797e-15
9.00291e-05 0.0288834 -1.00633e-14
9.10721e-05 0.029218 -1.0292e-14
9.21124e-05 0.0295517 -1.12069e-14
9.31514e-05 0.0298851 -1.06351e-14
9.41896e-05 0.0302182 -1.23504e-14
9.5232e-05 0.0305526 -1.23504e-14
9.62678e-05 0.0308849 -1.5095e-14
9.73053e-05 0.0312177 -1.49806e-14
9.83387e-05 0.0315493 -1.56667e-14
9.9374e-05 0.0318814 -1.78395e-14
0.000100408 0.0322131 -2.0241e-14
0.000101441 0.0325445 -2.0584e-14
0.000102488 0.0328804 -2.11558e-14
0.000103515 0.0332099 -2.16132e-14
0.000104546 0.0335406 -2.27568e-14
0.000105572 0.0338699 -2.40147e-14
0.000106602 0.0342002 -2.52726e-14
0.000107625 0.0345284 -2.61875e-14
0.000108646 0.0348562 -2.79028e-14
0.00010967 0.0351847 -2.58444e-14
0.000110694 0.0355132 -2.97325e-14
0.000111713 0.03584 -2.92751e-14
0.000112735 0.0361678 -3.09904e-14
0.000113754 0.0364948 -3.25914e-14
0.000114771 0.036821 -3.31632e-14
0.000115788 0.0371475 -3.35062e-14
0.000116803 0.0374731 -3.51072e-14
0.000117818 0.0377988 -3.75087e-14
0.000118831 0.0381237 -3.9224e-14
0.000119846 0.0384491 -4.04819e-14
0.000120856 0.0387732 -4.19686e-14
0.000121865 0.0390971 -4.33408e-14
0.00012288 0.0394225 -4.39126e-14
0.000123892 0.0397474 -4.76863e-14
0.000124899 0.0400705 -4.90586e-14
0.000125905 0.0403933 -5.10027e-14
0.000126911 0.0407157 -5.2718e-14
0.000127916 0.0410382 -5.4319e-14
0.000128919 0.0413601 -5.63774e-14
0.000129927 0.0416834 -5.7864e-14
0.000130929 0.0420049 -5.96937e-14
0.00013193 0.0423262 -6.08372e-14
0.000132931 0.0426471 -6.32387e-14
0.000133931 0.042968 -6.44966e-14
0.000134932 0.0432894 -6.60976e-14
0.000135931 0.0436096 -6.78129e-14
0.000136928 0.0439296 -6.91852e-14
0.000137925 0.0442494 -7.11293e-14
0.000138921 0.0445691 -7.3302e-14
0.000139925 0.0448911 -7.47886e-14
0.000140921 0.0452106 -7.70758e-14
0.000141916 0.0455299 -7.92485e-14
0.00014291 0.0458488 -8.03921e-14
0.000143906 0.0461682 -8.26792e-14
0.000144899 0.0464869 -8.46232e-14
0.000145891 0.0468051 -8.58812e-14
0.000146882 0.047123 -8.91975e-14
0.000147872 0.0474407 -9.01123e-14
0.000148863 0.0477586 -9.23994e-14
0.000149853 0.0480763 -9.40004e-14
0.000150841 0.0483932 -9.65162e-14
0.000151831 0.0487108 -9.80029e-14
0.000152817 0.0490272 -9.99469e-14
0.000153803 0.0493435 -1.01662e-13
0.000154789 0.0496599 -1.04292e-13
0.000155773 0.0499756 -1.06122e-13
0.000156757 0.050291 -1.08066e-13
0.000157742 0.0506073 -1.09896e-13
0.000158724 0.0509222 -1.12755e-13
0.000159716 0.0512405 -1.15614e-13
0.000160697 0.0515553 -1.16986e-13
0.000161683 0.0518716 -1.20302e-13
0.000162663 0.0521858 -1.22246e-13
0.000163641 0.0524997 -1.24076e-13
0.000164619 0.0528134 -1.26134e-13
0.000165596 0.0531269 -1.28307e-13
0.000166573 0.0534403 -1.30594e-13
0.000167553 0.0537547 -1.3311e-13
0.00016853 0.0540683 -1.35626e-13
0.000169505 0.0543811 -1.37341e-13
0.000170479 0.0546936 -1.39857e-13
0.000171453 0.0550059 -1.42259e-13
0.000172426 0.0553181 -1.44774e-13
0.000173413 0.0556349 -1.4729e-13
0.000174393 0.0559492 -1.49692e-13
0.000175369 0.0562622 -1.52436e-13
0.000176338 0.0565733 -1.55752e-13
0.000177307 0.0568841 -1.58383e-13
0.000178276 0.0571949 -1.60899e-13
0.000179245 0.0575059 -1.63414e-13
0.000180212 0.0578162 -1.67302e-13
0.00018118 0.0581267 -1.69933e-13
0.000182155 0.0584394 -1.72448e-13
0.000183129 0.0587518 -1.75879e-13
0.000184094 0.0590614 -1.79653e-13
0.000185058 0.0593709 -1.82169e-13
0.000186044 0.059687 -1.85142e-13
0.000187007 0.0599961 -1.87543e-13
0.00018797 0.0603051 -1.91088e-13
0.000188933 0.060614 -1.9429e-13
0.000189904 0.0609256 -1.96577e-13
0.000190866 0.0612341 -1.99551e-13
0.000191827 0.0615424 -2.02867e-13
0.000192792 0.0618521 -2.05154e-13
0.000193752 0.0621601 -2.07441e-13
0.000194713 0.0624683 -2.10415e-13
0.000195672 0.0627758 -2.13502e-13
0.00019663 0.0630832 -2.15904e-13
0.000197587 0.0633904 -2.19677e-13
0.000198544 0.0636974 -2.2185e-13
0.0001995 0.0640042 -2.25052e-13
0.000200456 0.0643109 -2.28254e-13
0.000201414 0.0646182 -2.31685e-13
0.000202369 0.0649245 -2.3523e-13
0.000203323 0.0652306 -2.38546e-13
0.000204283 0.0655386 -2.41062e-13
0.000205236 0.0658443 -2.43921e-13
0.000206192 0.0661509 -2.46322e-13
0.000207143 0.0664563 -2.49753e-13
0.000208101 0.0667635 -2.52612e-13
0.000209058 0.0670706 -2.56386e-13
0.000210008 0.0673753 -2.59702e-13
0.000210958 0.0676801 -2.62789e-13
0.000211913 0.0679866 -2.66106e-13
0.000212861 0.0682907 -2.69422e-13
0.000213813 0.0685959 -2.72967e-13
0.00021476 0.0688997 -2.75254e-13
0.000215706 0.0692032 -2.79371e-13
0.000216666 0.0695112 -2.83488e-13
0.000217617 0.0698163 -2.87033e-13
0.000218561 0.0701194 -2.91035e-13
0.000219505 0.0704222 -2.94237e-13
0.000220457 0.0707274 -2.97439e-13
0.0002214 0.0710299 -3.00527e-13
0.000222345 0.0713334 -3.05902e-13
0.000223288 0.0716358 -3.09904e-13
0.00022423 0.0719379 -3.14021e-13
0.000225174 0.0722408 -3.1688e-13
0.000226114 0.0725426 -3.19167e-13
0.000227054 0.0728441 -3.22598e-13
0.000227994 0.0731456 -3.26943e-13
0.000228933 0.0734468 -3.32775e-13
0.000229875 0.073749 -3.36206e-13
0.000230813 0.07405 -3.39065e-13
0.000231756 0.0743527 -3.41695e-13
0.000232694 0.0746533 -3.45469e-13
0.000233631 0.0749541 -3.49357e-13
0.000234568 0.0752546 -3.52902e-13
0.000235504 0.0755549 -3.5759e-13
0.000236439 0.0758549 -3.61021e-13
0.000237374 0.0761548 -3.64795e-13
0.000238311 0.0764555 -3.67654e-13
0.000239245 0.0767551 -3.71084e-13
0.000240183 0.077056 -3.7543e-13
0.000241119 0.0773563 -3.79547e-13
0.000242054 0.0776564 -3.83549e-13
0.000242986 0.0779555 -3.87437e-13
0.000243918 0.0782544 -3.92354e-13
0.00024485 0.0785533 -3.96929e-13
0.000245784 0.0788531 -4.00016e-13
0.000246715 0.0791516 -4.04591e-13
0.000247647 0.0794507 -4.0905e-13
0.000248577 0.079749 -4.14425e-13
0.000249507 0.0800474 -4.19457e-13
0.000250436 0.0803454 -4.24031e-13
0.000251365 0.0806436 -4.28262e-13
0.000252294 0.0809415 -4.32951e-13
0.000253222 0.0812394 -4.36839e-13
0.000254154 0.0815383 -4.41413e-13
0.000255081 0.0818358 -4.46445e-13
0.000256008 0.0821331 -4.50333e-13
0.000256936 0.0824309 -4.55021e-13
0.000257866 0.0827293 -4.5891e-13
0.000258792 0.0830264 -4.63141e-13
0.000259718 0.0833233 -4.68287e-13
0.000260646 0.083621 -4.72975e-13
0.00026157 0.0839176 -4.77893e-13
0.000262495 0.0842141 -4.82467e-13
0.000263418 0.0845105 -4.86241e-13
0.000264346 0.0848083 -4.90929e-13
0.00026527 0.0851045 -4.94245e-13
0.000266193 0.0854008 -4.9882e-13
0.000267116 0.0856967 -5.03623e-13
0.000268038 0.0859927 -5.07968e-13
0.000268963 0.0862893 -5.12428e-13
0.000269887 0.0865858 -5.16545e-13
0.000270808 0.0868814 -5.19975e-13
0.000271731 0.0871773 -5.23978e-13
0.000272651 0.0874727 -5.28895e-13
0.000273572 0.087768 -5.33927e-13
0.000274494 0.0880638 -5.38615e-13
0.000275419 0.0883605 -5.44219e-13
0.00027634 0.0886561 -5.48679e-13
0.000277261 0.0889517 -5.51881e-13
0.000278182 0.089247 -5.57255e-13
0.000279101 0.0895418 -5.61944e-13
0.000280019 0.0898364 -5.66976e-13
0.000280938 0.0901311 -5.72579e-13
0.000281857 0.0904259 -5.77954e-13
0.000282777 0.0907211 -5.82528e-13
0.000283694 0.0910154 -5.87674e-13
0.000284611 0.0913097 -5.91562e-13
0.000285529 0.0916041 -5.95107e-13
0.000286446 0.0918983 -6.01168e-13
0.000287363 0.0921926 -6.06085e-13
0.00028828 0.0924865 -6.11574e-13
0.000289196 0.0927805 -6.15806e-13
0.000290111 0.0930742 -6.18893e-13
0.000291052 0.0933759 -6.21981e-13
0.000291967 0.0936695 -6.27012e-13
0.000292882 0.093963 -6.31472e-13
0.000293796 0.0942565 -6.35017e-13
0.000294711 0.0945498 -6.3982e-13
0.000295624 0.094843 -6.44051e-13
0.000296538 0.0951361 -6.47253e-13
0.000297452 0.0954292 -6.51485e-13
0.000298365 0.0957221 -6.57202e-13
0.000299279 0.0960153 -6.62005e-13
0.000300205 0.0963126 -6.65779e-13
0.000301129 0.0966091 -6.69438e-13
0.000302041 0.0969016 -6.73098e-13
0.000302953 0.0971941 -6.78701e-13
0.000303864 0.0974864 -6.83847e-13
0.000304775 0.0977787 -6.88078e-13
0.000305688 0.0980717 -6.92653e-13
0.000306601 0.0983645 -6.96655e-13
0.000307514 0.0986575 -7.01458e-13
0.000308424 0.0989495 -7.06718e-13
0.000309337 0.0992422 -7.11636e-13
0.000310246 0.099534 -7.16896e-13
0.000311159 0.0998267 -7.22499e-13
0.000312069 0.100119 -7.27417e-13
0.000312977 0.10041 -7.32791e-13
0.000313889 0.100703 -7.37251e-13
0.000314799 0.100994 -7.41826e-13
0.000315707 0.101286 -7.47658e-13
0.000316618 0.101578 -7.53376e-13
0.000317528 0.10187 -7.57492e-13
0.000318436 0.102161 -7.61495e-13
0.000319343 0.102452 -7.65383e-13
0.00032025 0.102743 -7.70071e-13
0.000321157 0.103034 -7.74417e-13
0.000322064 0.103325 -7.79106e-13
0.000322975 0.103618 -7.84595e-13
0.000323883 0.103909 -7.8894e-13
0.000324789 0.1042 -7.93286e-13
0.000325696 0.10449 -7.98203e-13
0.000326602 0.104781 -8.01862e-13
0.000327508 0.105072 -8.07123e-13
0.000328414 0.105363 -8.1204e-13
0.000329319 0.105653 -8.15814e-13
0.000330225 0.105944 -8.20388e-13
0.000331131 0.106234 -8.24734e-13
0.000332036 0.106525 -8.28507e-13
0.000332941 0.106815 -8.34225e-13
0.000333851 0.107107 -8.38685e-13
0.000334755 0.107397 -8.43717e-13
0.000335661 0.107687 -8.48062e-13
0.000336565 0.107978 -8.53322e-13
0.000337471 0.108268 -8.60298e-13
0.000338376 0.108558 -8.66359e-13
0.00033928 0.108849 -8.72877e-13
0.000340184 0.109139 -8.7768e-13
0.000341089 0.109429 -8.82712e-13
0.000341993 0.109719 -8.89116e-13
0.000342896 0.110009 -8.95291e-13
0.000343804 0.1103 -9.01581e-13
0.000344707 0.11059 -9.06612e-13
0.00034561 0.110879 -9.12444e-13
0.000346514 0.11117 -9.19077e-13
0.000347418 0.111459 -9.26167e-13
0.000348321 0.111749 -9.32228e-13
0.000349223 0.112039 -9.37831e-13
0.000350128 0.112329 -9.43435e-13
0.00035104 0.112622 -9.49381e-13
0.000351946 0.112912 -9.55442e-13
0.000352848 0.113202 -9.60931e-13
0.000353775 0.113499 -9.66878e-13
0.000354677 0.113788 -9.73968e-13
0.000355581 0.114079 -9.79114e-13
0.000356486 0.114369 -9.84832e-13
0.00035739 0.114659 -9.90778e-13
0.000358293 0.114948 -9.97182e-13
0.000359197 0.115238 -1.00404e-12
0.000360109 0.115531 -1.01171e-12
0.000361012 0.115821 -1.01868e-12
0.000361937 0.116117 -1.02348e-12
0.000362841 0.116408 -1.02989e-12
0.000363747 0.116698 -1.03663e-12
0.000364651 0.116988 -1.04338e-12
0.000365558 0.117279 -1.05036e-12
0.000366464 0.11757 -1.0563e-12
0.000367374 0.117862 -1.06122e-12
0.000368279 0.118152 -1.06774e-12
0.000369185 0.118443 -1.07483e-12
0.000370093 0.118734 -1.08272e-12
0.000371002 0.119026 -1.08958e-12
0.00037191 0.119317 -1.09564e-12
0.00037282 0.119609 -1.10193e-12
0.00037373 0.119901 -1.10845e-12
0.000374641 0.120193 -1.11428e-12
0.000375554 0.120486 -1.12229e-12
0.000376469 0.12078 -1.12972e-12
0.000377383 0.121073 -1.13555e-12
0.000378298 0.121366 -1.1423e-12
0.000379214 0.12166 -1.1495e-12
0.000380134 0.121955 -1.15648e-12
0.000381052 0.12225 -1.16483e-12
0.000381972 0.122545 -1.17203e-12
0.000382893 0.122841 -1.17981e-12
0.000383816 0.123137 -1.18541e-12
0.000384742 0.123434 -1.1925e-12
0.000385674 0.123733 -1.19936e-12
0.000386602 0.12403 -1.20668e-12
0.000387532 0.124329 -1.21263e-12
0.000388462 0.124627 -1.21938e-12
0.000389391 0.124925 -1.22555e-12
0.000390324 0.125225 -1.23104e-12
0.000391259 0.125525 -1.23744e-12
0.000392186 0.125822 -1.24225e-12
0.000393116 0.126121 -1.24819e-12
0.000394047 0.126419 -1.25345e-12
0.000394972 0.126716 -1.25963e-12
0.000395898 0.127013 -1.2658e-12
0.000396822 0.127309 -1.27358e-12
0.000397745 0.127605 -1.27987e-12
0.000398668 0.127902 -1.28536e-12
0.000399589 0.128197 -1.29165e-12
0.00040051 0.128492 -1.29759e-12
0.00040143 0.128788 -1.30297e-12
0.00040235 0.129083 -1.31109e-12
0.00040327 0.129378 -1.31761e-12
0.000404194 0.129675 -1.32367e-12
0.000405126 0.129974 -1.3287e-12
0.000406044 0.130268 -1.33487e-12
0.000406961 0.130562 -1.34242e-12
0.000407878 0.130856 -1.34917e-12
0.000408793 0.13115 -1.3542e-12
0.000409712 0.131445 -1.36129e-12
0.000410637 0.131742 -1.36861e-12
0.000411552 0.132035 -1.37661e-12
0.000412466 0.132328 -1.38222e-12
0.000413381 0.132622 -1.38839e-12
0.000414294 0.132915 -1.39331e-12
0.000415206 0.133207 -1.39811e-12
0.00041612 0.133501 -1.40429e-12
0.000417035 0.133794 -1.41092e-12
0.00041795 0.134088 -1.41721e-12
0.000418865 0.134381 -1.42327e-12
0.000419776 0.134674 -1.42865e-12
0.000420688 0.134966 -1.43299e-12
0.000421599 0.135258 -1.43837e-12
0.000422509 0.13555 -1.44351e-12
0.000423419 0.135842 -1.449e-12
0.000424329 0.136134 -1.45541e-12
0.000425239 0.136426 -1.46135e-12
0.000426149 0.136718 -1.46856e-12
0.000427059 0.13701 -1.47473e-12
0.000427969 0.137302 -1.48011e-12
0.000428877 0.137594 -1.48479e-12
0.000429788 0.137886 -1.48925e-12
0.000430698 0.138178 -1.49486e-12
0.000431609 0.13847 -1.50138e-12
0.000432518 0.138761 -1.50687e-12
0.000433429 0.139054 -1.51247e-12
0.000434343 0.139347 -1.51807e-12
0.000435257 0.13964 -1.52368e-12
0.000436168 0.139932 -1.52951e-12
0.000437079 0.140225 -1.53362e-12
0.000437991 0.140517 -1.53934e-12
0.000438904 0.14081 -1.54392e-12
0.000439824 0.141105 -1.54929e-12
0.000440738 0.141399 -1.55547e-12
0.00044166 0.141695 -1.56176e-12
0.000442576 0.141988 -1.56805e-12
0.000443494 0.142283 -1.57365e-12
0.000444412 0.142577 -1.57799e-12
0.000445335 0.142873 -1.58383e-12
0.000446254 0.143168 -1.58932e-12
0.000447174 0.143463 -1.59458e-12
0.000448096 0.143759 -1.60007e-12
0.00044902 0.144056 -1.6059e-12
0.000449941 0.144351 -1.61116e-12
0.000450861 0.144646 -1.61676e-12
0.000451781 0.144942 -1.62271e-12
0.000452702 0.145237 -1.62694e-12
0.000453621 0.145532 -1.63151e-12
0.000454541 0.145827 -1.63574e-12
0.00045546 0.146122 -1.64078e-12
0.000456379 0.146417 -1.64535e-12
0.000457297 0.146711 -1.65015e-12
0.000458219 0.147007 -1.65541e-12
0.000459136 0.147301 -1.66147e-12
0.000460055 0.147596 -1.66651e-12
0.000460971 0.14789 -1.67017e-12
0.000461887 0.148184 -1.67451e-12
0.000462803 0.148478 -1.67886e-12
0.000463719 0.148771 -1.68377e-12
0.000464634 0.149065 -1.68846e-12
0.000465548 0.149358 -1.69361e-12
0.000466468 0.149653 -1.69841e-12
0.000467382 0.149947 -1.7055e-12
0.000468297 0.15024 -1.71053e-12
0.000469209 0.150533 -1.71442e-12
0.000470122 0.150826 -1.71831e-12
0.000471034 0.151118 -1.72163e-12
0.000471946 0.151411 -1.727e-12
0.000472858 0.151704 -1.7326e-12
0.000473769 0.151996 -1.73661e-12
0.00047468 0.152288 -1.74324e-12
0.00047559 0.15258 -1.74781e-12
0.000476499 0.152872 -1.75216e-12
0.000477409 0.153164 -1.75593e-12
0.000478319 0.153455 -1.76085e-12
0.000479227 0.153747 -1.76485e-12
0.000480137 0.154039 -1.76885e-12
0.000481052 0.154332 -1.77411e-12
0.00048196 0.154624 -1.78086e-12
0.000482867 0.154915 -1.78578e-12
0.000483775 0.155206 -1.79001e-12
0.000484682 0.155497 -1.79527e-12
0.000485588 0.155788 -1.79962e-12
0.000486495 0.156079 -1.80362e-12
0.000487407 0.156371 -1.80728e-12
0.000488313 0.156662 -1.81288e-12
0.000489245 0.156961 -1.81711e-12
0.000490155 0.157253 -1.82294e-12
0.000491061 0.157543 -1.82763e-12
0.000491967 0.157834 -1.83221e-12
0.000492873 0.158125 -1.83793e-12
0.000493779 0.158415 -1.84227e-12
0.00049469 0.158708 -1.84582e-12
0.000495597 0.158998 -1.8513e-12
0.000496502 0.159289 -1.85691e-12
0.000497408 0.15958 -1.86285e-12
0.000498314 0.15987 -1.86789e-12
0.00049922 0.160161 -1.87452e-12
0.000500126 0.160452 -1.87841e-12
0.000501032 0.160742 -1.88127e-12
0.000501938 0.161033 -1.8863e-12
0.000502847 0.161324 -1.89064e-12
0.000503752 0.161615 -1.89567e-12
0.000504659 0.161906 -1.90094e-12
0.000505565 0.162197 -1.90677e-12
0.000506472 0.162488 -1.91306e-12
0.000507401 0.162786 -1.91958e-12
0.000508311 0.163078 -1.92438e-12
0.000509217 0.163368 -1.92895e-12
0.000510122 0.163659 -1.93295e-12
0.000511027 0.163949 -1.93719e-12
0.000511933 0.164239 -1.94187e-12
0.000512839 0.16453 -1.94759e-12
0.000513747 0.164821 -1.95297e-12
0.000514652 0.165112 -1.95926e-12
0.00051556 0.165403 -1.9636e-12
0.000516465 0.165694 -1.96829e-12
0.00051737 0.165984 -1.97401e-12
0.00051828 0.166276 -1.97835e-12
0.000519185 0.166566 -1.98236e-12
0.000520094 0.166858 -1.98624e-12
0.000521 0.167148 -1.99253e-12
0.000521905 0.167439 -1.99894e-12
0.000522812 0.16773 -2.00454e-12
0.000523717 0.16802 -2.00957e-12
0.000524623 0.168311 -2.01392e-12
0.000525532 0.168602 -2.01804e-12
0.000526438 0.168893 -2.02272e-12
0.000527344 0.169184 -2.0281e-12
0.000528252 0.169475 -2.03485e-12
0.000529163 0.169767 -2.03919e-12
0.000530069 0.170058 -2.04399e-12
0.000530974 0.170348 -2.05097e-12
0.000531883 0.17064 -2.0552e-12
0.000532789 0.170931 -2.06092e-12
0.000533697 0.171222 -2.06561e-12
0.000534605 0.171513 -2.07121e-12
0.000535511 0.171804 -2.07624e-12
0.000536419 0.172095 -2.08093e-12
0.000537325 0.172386 -2.08631e-12
0.000538232 0.172677 -2.0934e-12
0.000539138 0.172968 -2.10094e-12
0.000540046 0.173259 -2.1054e-12
0.000540953 0.17355 -2.11055e-12
0.000541865 0.173842 -2.11489e-12
0.000542772 0.174133 -2.11901e-12
0.000543678 0.174424 -2.12381e-12
0.000544586 0.174715 -2.12976e-12
0.000545493 0.175006 -2.13582e-12
0.0005464 0.175297 -2.14211e-12
0.000547309 0.175589 -2.1492e-12
0.000548215 0.17588 -2.15503e-12
0.000549122 0.176171 -2.16052e-12
0.000550028 0.176461 -2.16533e-12
0.000550935 0.176752 -2.1699e-12
0.000551841 0.177043 -2.17493e-12
0.000552748 0.177334 -2.18065e-12
0.00055366 0.177626 -2.18648e-12
0.0005546 0.177928 -2.19426e-12
0.000555506 0.178219 -2.20123e-12
0.00055642 0.178512 -2.20752e-12
0.000557332 0.178805 -2.21267e-12
0.000558239 0.179095 -2.21724e-12
0.000559145 0.179386 -2.22193e-12
0.000560052 0.179677 -2.22765e-12
0.000560963 0.179969 -2.23485e-12
0.000561869 0.18026 -2.2416e-12
0.000562776 0.180551 -2.25018e-12
0.000563683 0.180842 -2.25601e-12
0.000564589 0.181133 -2.26104e-12
0.000565496 0.181424 -2.26756e-12
0.000566406 0.181716 -2.27362e-12
0.000567318 0.182008 -2.27934e-12
0.000568224 0.182299 -2.28517e-12
0.00056913 0.18259 -2.29272e-12
0.000570037 0.182881 -2.30072e-12
0.000570944 0.183172 -2.3085e-12
0.000571849 0.183462 -2.31433e-12
0.000572756 0.183753 -2.31856e-12
0.000573663 0.184044 -2.32394e-12
0.00057458 0.184338 -2.33103e-12
0.000575488 0.184629 -2.33606e-12
0.000576394 0.18492 -2.34246e-12
0.0005773 0.185211 -2.34887e-12
0.000578206 0.185501 -2.35607e-12
0.000579111 0.185792 -2.36122e-12
0.000580017 0.186082 -2.36728e-12
0.000580924 0.186373 -2.37185e-12
0.00058183 0.186664 -2.37883e-12
0.000582748 0.186959 -2.38466e-12
0.000583656 0.18725 -2.38958e-12
0.000584564 0.187541 -2.39655e-12
0.00058547 0.187832 -2.40239e-12
0.000586375 0.188122 -2.40867e-12
0.000587279 0.188412 -2.41462e-12
0.000588184 0.188703 -2.42e-12
0.000589095 0.188995 -2.42571e-12
0.00059 0.189285 -2.4312e-12
0.000590904 0.189575 -2.43795e-12
0.000591811 0.189866 -2.44344e-12
0.000592715 0.190156 -2.4487e-12
0.000593622 0.190447 -2.45373e-12
0.000594528 0.190738 -2.45933e-12
0.000595434 0.191029 -2.46574e-12
0.000596339 0.191319 -2.47146e-12
0.000597243 0.191609 -2.47889e-12
0.000598148 0.191899 -2.48586e-12
0.000599052 0.192189 -2.49032e-12
0.000599958 0.19248 -2.49467e-12
0.000600867 0.192772 -2.49924e-12
0.000601773 0.193062 -2.50565e-12
0.000602678 0.193353 -2.51251e-12
0.000603584 0.193643 -2.51834e-12
0.000604489 0.193934 -2.52475e-12
0.000605394 0.194224 -2.53126e-12
0.000606299 0.194514 -2.53572e-12
0.000607204 0.194805 -2.54098e-12
0.000608109 0.195095 -2.54705e-12
0.000609016 0.195386 -2.55219e-12
0.000609926 0.195678 -2.55745e-12
0.000610831 0.195968 -2.56397e-12
0.000611736 0.196259 -2.57083e-12
0.000612642 0.196549 -2.57666e-12
0.000613548 0.19684 -2.58307e-12
0.000614454 0.197131 -2.5889e-12
0.000615363 0.197422 -2.5945e-12
0.000616273 0.197714 -2.59965e-12
0.00061718 0.198005 -2.60651e-12
0.000618089 0.198297 -2.61429e-12
0.000618997 0.198588 -2.62138e-12
0.000619905 0.198879 -2.62767e-12
0.000620814 0.199171 -2.63407e-12
0.000621723 0.199463 -2.6399e-12
0.000622632 0.199754 -2.64631e-12
0.000623542 0.200046 -2.65294e-12
0.000624453 0.200338 -2.65911e-12
0.000625363 0.200631 -2.6662e-12
0.000626274 0.200923 -2.67329e-12
0.000627185 0.201215 -2.68141e-12
0.000628098 0.201508 -2.6893e-12
0.00062901 0.2018 -2.69605e-12
0.000629924 0.202094 -2.70223e-12
0.000630836 0.202386 -2.70909e-12
0.000631748 0.202679 -2.71572e-12
0.00063266 0.202972 -2.72384e-12
0.000633572 0.203264 -2.73036e-12
0.000634484 0.203557 -2.73893e-12
0.000635399 0.20385 -2.74545e-12
0.000636312 0.204143 -2.75369e-12
0.000637223 0.204436 -2.7594e-12
0.000638135 0.204728 -2.76695e-12
0.000639047 0.205021 -2.7729e-12
0.000639961 0.205314 -2.77964e-12
0.000640876 0.205608 -2.78513e-12
0.000641791 0.205901 -2.792e-12
0.000642704 0.206194 -2.79851e-12
0.000643615 0.206486 -2.80537e-12
0.000644528 0.20678 -2.81258e-12
0.000645439 0.207072 -2.81864e-12
0.000646351 0.207364 -2.82447e-12
0.000647262 0.207657 -2.82985e-12
0.000648172 0.207949 -2.83522e-12
0.000649088 0.208242 -2.84117e-12
0.00065 0.208535 -2.84837e-12
0.00065091 0.208827 -2.85398e-12
0.00065182 0.209119 -2.86084e-12
0.000652733 0.209412 -2.86816e-12
0.000653645 0.209705 -2.87628e-12
0.000654558 0.209998 -2.88245e-12
0.000655468 0.21029 -2.88897e-12
0.000656377 0.210582 -2.89457e-12
0.000657287 0.210874 -2.9004e-12
0.000658196 0.211166 -2.90749e-12
0.000659105 0.211457 -2.91401e-12
0.000660013 0.211749 -2.91996e-12
0.000660923 0.212041 -2.92774e-12
0.000661833 0.212333 -2.9354e-12
0.000662743 0.212625 -2.94169e-12
0.000663651 0.212916 -2.94878e-12
0.000664561 0.213208 -2.95484e-12
0.000665469 0.2135 -2.96216e-12
0.000666379 0.213792 -2.9689e-12
0.00066729 0.214085 -2.97634e-12
0.0006682 0.214377 -2.98343e-12
0.000669109 0.214669 -2.99075e-12
0.000670017 0.21496 -2.99749e-12
0.000670935 0.215255 -3.00607e-12
0.000671845 0.215547 -3.01099e-12
0.000672755 0.215839 -3.01888e-12
0.000673667 0.216132 -3.02528e-12
0.000674577 0.216424 -3.03123e-12
0.000675488 0.216717 -3.0374e-12
0.000676402 0.21701 -3.04518e-12
0.000677315 0.217303 -3.05204e-12
0.000678226 0.217596 -3.05856e-12
0.000679152 0.217893 -3.06485e-12
0.000680063 0.218186 -3.07217e-12
0.000680978 0.218479 -3.07994e-12
0.000681892 0.218772 -3.08806e-12
0.000682802 0.219064 -3.09389e-12
0.000683712 0.219355 -3.10064e-12
0.000684622 0.219646 -3.1067e-12
0.000685533 0.219936 -3.11322e-12
0.000686443 0.220224 -3.11917e-12
0.000687352 0.220509 -3.12671e-12
0.000688261 0.220791 -3.13266e-12
0.000689182 0.221069 -3.14009e-12
0.000690091 0.221333 -3.14638e-12
0.000691001 0.221582 -3.15324e-12
0.000691913 0.221808 -3.16011e-12
0.000692838 0.222006 -3.16594e-12
0.000693746 0.222162 -3.1712e-12
0.000694658 0.22228 -3.17726e-12
0.000695567 0.222363 -3.18401e-12
0.000696478 0.222417 -3.19098e-12
0.000697385 0.222449 -3.19659e-12
0.000698292 0.222465 -3.20356e-12
0.000699198 0.22247 -3.20882e-12
0.000700109 0.222467 -3.21534e-12
0.000701015 0.222459 -3.22163e-12
0.000701921 0.222447 -3.22746e-12
0.000702828 0.222433 -3.23158e-12
0.000703734 0.222417 -3.23684e-12
0.000704639 0.2224 -3.24336e-12
0.000705547 0.222383 -3.25033e-12
0.000706451 0.222366 -3.25674e-12
0.000707359 0.222348 -3.26291e-12
0.000708263 0.222332 -3.26886e-12
0.000709168 0.222315 -3.27446e-12
0.000710072 0.222299 -3.27961e-12
0.000710975 0.222283 -3.2875e-12
0.000711878 0.222268 -3.29219e-12
0.000712785 0.222253 -3.29951e-12
0.000713688 0.222239 -3.30557e-12
0.000714591 0.222225 -3.31266e-12
0.000715494 0.222211 -3.31837e-12
0.000716396 0.222197 -3.32318e-12
0.000717298 0.222184 -3.32844e-12
0.000718202 0.22217 -3.33324e-12
0.000719103 0.222156 -3.34022e-12
0.000720006 0.222141 -3.34616e-12
0.000720907 0.222126 -3.35211e-12
0.000721807 0.222111 -3.35737e-12
0.000722707 0.222094 -3.36503e-12
0.000723609 0.222078 -3.37109e-12
0.000724512 0.222061 -3.37635e-12
0.000725418 0.222044 -3.3807e-12
0.000726317 0.222027 -3.38596e-12
0.000727218 0.22201 -3.39271e-12
0.000728119 0.221993 -3.39842e-12
0.00072902 0.221976 -3.40437e-12
0.00072992 0.22196 -3.41157e-12
0.000730821 0.221943 -3.41832e-12
0.00073172 0.221926 -3.42392e-12
0.000732618 0.22191 -3.42953e-12
0.000733517 0.221893 -3.43376e-12
0.000734415 0.221877 -3.43845e-12
0.000735312 0.221861 -3.44371e-12
0.000736211 0.221846 -3.44897e-12
0.000737108 0.22183 -3.45549e-12
0.000738005 0.221815 -3.46281e-12
0.000738903 0.2218 -3.47035e-12
0.000739801 0.221785 -3.47664e-12
0.000740697 0.221771 -3.48213e-12
0.000741593 0.221757 -3.48693e-12
0.000742488 0.221743 -3.49128e-12
0.000743383 0.22173 -3.49711e-12
0.000744277 0.221716 -3.50249e-12
0.000745179 0.221704 -3.50958e-12
0.000746073 0.221691 -3.5169e-12
0.000746969 0.221679 -3.52273e-12
0.000747862 0.221667 -3.52913e-12
0.000748756 0.221656 -3.53451e-12
0.000749648 0.221645 -3.54103e-12
0.000750542 0.221634 -3.54674e-12
0.000751436 0.221624 -3.55177e-12
0.000752326 0.221614 -3.55761e-12
0.000753216 0.221604 -3.5631e-12
0.000754106 0.221595 -3.56927e-12
0.000754996 0.221586 -3.57625e-12
0.000755892 0.221577 -3.58254e-12
0.000756782 0.221569 -3.58951e-12
0.000757675 0.221561 -3.59637e-12
0.000758563 0.221554 -3.60312e-12
0.00075945 0.221547 -3.60838e-12
0.000760337 0.22154 -3.61456e-12
0.000761224 0.221534 -3.6205e-12
0.000762111 0.221528 -3.62576e-12
0.000762997 0.221522 -3.63228e-12
0.000763882 0.221517 -3.63903e-12
0.000764766 0.221512 -3.64658e-12
0.000765652 0.221507 -3.65229e-12
0.000766536 0.221502 -3.65996e-12
0.00076742 0.221498 -3.6659e-12
0.000768306 0.221495 -3.67265e-12
0.000769191 0.221491 -3.67917e-12
0.000770074 0.221488 -3.68751e-12
0.000770956 0.221486 -3.69483e-12
0.000771838 0.221483 -3.70078e-12
0.000772721 0.221481 -3.70673e-12
0.000773603 0.221479 -3.71439e-12
0.000774486 0.221478 -3.72136e-12
0.000775367 0.221477 -3.72891e-12
0.000776253 0.221476 -3.73474e-12
0.000777134 0.221476 -3.74206e-12
0.000778014 0.221475 -3.74812e-12
0.000778894 0.221475 -3.75579e-12
0.000779778 0.221475 -3.76185e-12
0.000780657 0.221476 -3.76836e-12
0.000781536 0.221476 -3.77591e-12
0.000782417 0.221477 -3.78334e-12
0.000783296 0.221478 -3.79032e-12
0.000784175 0.221479 -3.79718e-12
0.000785056 0.22148 -3.80336e-12
0.000785935 0.221482 -3.80816e-12
0.000786813 0.221484 -3.81331e-12
0.000787692 0.221486 -3.8196e-12
0.000788571 0.221488 -3.82657e-12
0.00078945 0.22149 -3.83195e-12
0.000790329 0.221493 -3.83938e-12
0.000791208 0.221496 -3.84624e-12
0.000792087 0.221499 -3.85184e-12
0.000792969 0.221502 -3.85825e-12
0.000793853 0.221506 -3.86374e-12
0.000794732 0.22151 -3.86911e-12
0.000795612 0.221514 -3.87437e-12
0.000796495 0.221518 -3.88043e-12
0.000797377 0.221522 -3.88444e-12
0.000798259 0.221527 -3.89095e-12
0.00079914 0.221532 -3.89759e-12
0.000800026 0.221537 -3.90353e-12
0.000800907 0.221542 -3.90856e-12
0.000801788 0.221548 -3.91508e-12
0.000802672 0.221553 -3.92091e-12
0.000803554 0.221559 -3.92503e-12
0.000804442 0.221565 -3.93144e-12
0.000805336 0.221571 -3.93612e-12
0.00080622 0.221578 -3.94241e-12
0.000807104 0.221584 -3.94939e-12
0.000807988 0.221591 -3.95488e-12
0.000808876 0.221598 -3.96071e-12
0.000809762 0.221604 -3.96551e-12
0.000810647 0.221611 -3.97043e-12
0.000811538 0.221618 -3.97558e-12
0.000812428 0.221625 -3.98107e-12
0.000813316 0.221632 -3.98518e-12
0.000814203 0.221639 -3.99159e-12
0.000815092 0.221646 -3.99948e-12
0.000815981 0.221653 -4.00382e-12
0.00081687 0.22166 -4.00851e-12
0.00081776 0.221667 -4.01446e-12
0.000818653 0.221674 -4.01949e-12
0.000819544 0.22168 -4.02624e-12
0.000820435 0.221687 -4.0299e-12
0.000821329 0.221693 -4.03516e-12
0.000822222 0.221699 -4.0411e-12
0.000823117 0.221705 -4.04648e-12
0.000824012 0.22171 -4.05197e-12
0.000824909 0.221715 -4.05826e-12
0.000825804 0.22172 -4.06317e-12
0.000826701 0.221724 -4.06889e-12
0.000827598 0.221728 -4.07324e-12
0.000828495 0.221731 -4.07873e-12
0.000829392 0.221734 -4.08399e-12
0.000830291 0.221736 -4.08925e-12
0.00083119 0.221738 -4.09485e-12
0.00083209 0.221739 -4.1e-12
0.00083299 0.22174 -4.10548e-12
0.00083389 0.221741 -4.11212e-12
0.000834795 0.221741 -4.11681e-12
0.000835695 0.221741 -4.12161e-12
0.000836597 0.22174 -4.12721e-12
0.000837499 0.221739 -4.13396e-12
0.000838403 0.221738 -4.13968e-12
0.000839306 0.221737 -4.14379e-12
0.00084021 0.221735 -4.14848e-12
0.000841115 0.221732 -4.15363e-12
0.000842019 0.22173 -4.15923e-12
0.000842924 0.221727 -4.16529e-12
0.000843829 0.221724 -4.17135e-12
0.000844741 0.22172 -4.17684e-12
0.000845647 0.221716 -4.18119e-12
0.000846553 0.221712 -4.18691e-12
0.000847459 0.221707 -4.19182e-12
0.000848366 0.221703 -4.1964e-12
0.000849273 0.221697 -4.20154e-12
0.00085018 0.221692 -4.20875e-12
0.000851092 0.221686 -4.21458e-12
0.000852 0.22168 -4.21938e-12
0.000852908 0.221673 -4.22384e-12
0.000853816 0.221666 -4.22853e-12
0.000854725 0.221658 -4.23402e-12
0.000855633 0.22165 -4.23985e-12
0.000856542 0.221642 -4.24466e-12
0.000857451 0.221633 -4.25037e-12
0.000858362 0.221624 -4.25586e-12
0.000859271 0.221614 -4.26238e-12
0.000860183 0.221604 -4.26638e-12
0.000861092 0.221593 -4.27222e-12
0.000862002 0.221582 -4.27645e-12
0.000862912 0.221571 -4.28365e-12
0.000863823 0.221559 -4.2896e-12
0.000864736 0.221546 -4.29474e-12
0.000865646 0.221533 -4.29932e-12
0.000866557 0.22152 -4.30458e-12
0.000867467 0.221506 -4.30972e-12
0.000868378 0.221492 -4.31579e-12
0.000869293 0.221477 -4.32082e-12
0.000870203 0.221463 -4.32768e-12
0.000871114 0.221447 -4.33294e-12
0.000872024 0.221432 -4.33763e-12
0.000872936 0.221416 -4.34197e-12
0.000873847 0.2214 -4.34826e-12
0.000874758 0.221383 -4.35295e-12
0.000875669 0.221367 -4.35947e-12
0.000876588 0.22135 -4.3661e-12
0.000877499 0.221332 -4.37159e-12
0.000878414 0.221315 -4.37616e-12
0.000879325 0.221297 -4.38097e-12
0.000880236 0.221279 -4.38543e-12
0.000881147 0.221261 -4.3908e-12
0.000882059 0.221243 -4.39606e-12
0.000882977 0.221224 -4.40304e-12
0.000883888 0.221206 -4.41001e-12
0.0008848 0.221187 -4.41573e-12
0.000885713 0.221169 -4.42156e-12
0.000886623 0.22115 -4.42648e-12
0.000887534 0.221131 -4.43243e-12
0.000888444 0.221113 -4.43849e-12
0.000889354 0.221094 -4.44398e-12
0.000890266 0.221075 -4.4497e-12
0.000891176 0.221056 -4.4561e-12
0.000892086 0.221038 -4.46056e-12
0.000892998 0.221019 -4.46662e-12
0.000893908 0.221001 -4.47188e-12
0.000894818 0.220982 -4.476e-12
0.000895728 0.220964 -4.48229e-12
0.000896641 0.220946 -4.48846e-12
0.000897551 0.220928 -4.49395e-12
0.000898462 0.22091 -4.50047e-12
0.000899372 0.220892 -4.50562e-12
0.000900282 0.220875 -4.50973e-12
0.000901192 0.220857 -4.51568e-12
0.000902103 0.22084 -4.5222e-12
0.000903012 0.220823 -4.5278e-12
0.000903921 0.220807 -4.53249e-12
0.000904831 0.22079 -4.53786e-12
0.00090574 0.220774 -4.5429e-12
0.000906649 0.220757 -4.54896e-12
0.000907559 0.220742 -4.5533e-12
0.000908469 0.220726 -4.55879e-12
0.000909377 0.22071 -4.56497e-12
0.000910285 0.220695 -4.57148e-12
0.000911194 0.22068 -4.57652e-12
0.000912102 0.220665 -4.58109e-12
0.00091301 0.22065 -4.58715e-12
0.000913918 0.220636 -4.5923e-12
0.000914828 0.220621 -4.59836e-12
0.000915737 0.220607 -4.6035e-12
0.000916649 0.220593 -4.61002e-12
0.000917557 0.220579 -4.61563e-12
0.000918465 0.220566 -4.62043e-12
0.000919373 0.220553 -4.6258e-12
0.000920281 0.220539 -4.63026e-12
0.000921189 0.220526 -4.63552e-12
0.000922099 0.220514 -4.64113e-12
0.000923007 0.220501 -4.64799e-12
0.000923915 0.220488 -4.65359e-12
0.000924823 0.220476 -4.65839e-12
0.000925731 0.220464 -4.66308e-12
0.000926639 0.220452 -4.66949e-12
0.000927546 0.22044 -4.67475e-12
0.000928454 0.220428 -4.68047e-12
0.000929361 0.220417 -4.6855e-12
0.000930269 0.220405 -4.69099e-12
0.000931177 0.220394 -4.69625e-12
0.000932084 0.220383 -4.70071e-12
0.000932994 0.220371 -4.70459e-12
0.000933901 0.22036 -4.71134e-12
0.000934808 0.220349 -4.71752e-12
0.000935715 0.220338 -4.72381e-12
0.000936621 0.220327 -4.7301e-12
0.000937528 0.220316 -4.7357e-12
0.000938434 0.220306 -4.74119e-12
0.00093934 0.220295 -4.74473e-12
0.000940246 0.220284 -4.74908e-12
0.000941154 0.220273 -4.75434e-12
0.00094206 0.220263 -4.76006e-12
0.000942967 0.220252 -4.76543e-12
0.000943873 0.220241 -4.77275e-12
0.000944778 0.22023 -4.77824e-12
0.000945685 0.22022 -4.78373e-12
0.00094659 0.220209 -4.78887e-12
0.000947496 0.220198 -4.79436e-12
0.000948401 0.220187 -4.79894e-12
0.000949307 0.220177 -4.80443e-12
0.000950212 0.220166 -4.80889e-12
0.000951117 0.220155 -4.8146e-12
0.000952022 0.220143 -4.82055e-12
0.000952927 0.220132 -4.8249e-12
0.000953832 0.220121 -4.8305e-12
0.000954743 0.22011 -4.83679e-12
0.000955648 0.220098 -4.84228e-12
0.000956552 0.220087 -4.84845e-12
0.000957523 0.220074 -4.85349e-12
0.000958428 0.220063 -4.8584e-12
0.000959332 0.220051 -4.86343e-12
0.000960236 0.220039 -4.86847e-12
0.000961141 0.220027 -4.8727e-12
0.000962045 0.220015 -4.87853e-12
0.000962949 0.220002 -4.8847e-12
0.000963853 0.21999 -4.88997e-12
0.000964757 0.219977 -4.8974e-12
0.00096566 0.219964 -4.90289e-12
0.000966564 0.219951 -4.90849e-12
0.000967467 0.219938 -4.91249e-12
0.000968371 0.219925 -4.9165e-12
0.000969275 0.219912 -4.92073e-12
0.00097018 0.219898 -4.92576e-12
0.000971083 0.219884 -4.93171e-12
0.000971986 0.21987 -4.93765e-12
0.000972891 0.219856 -4.94291e-12
0.000973794 0.219842 -4.95012e-12
0.000974697 0.219828 -4.95641e-12
0.000975599 0.219813 -4.9627e-12
0.000976505 0.219798 -4.96727e-12
0.000977408 0.219783 -4.9723e-12
0.00097831 0.219768 -4.97722e-12
0.000979215 0.219752 -4.98168e-12
0.000980116 0.219737 -4.98499e-12
0.00098102 0.219721 -4.99174e-12
0.000981921 0.219705 -4.99723e-12
0.000982823 0.219688 -5.00181e-12
0.000983731 0.219672 -5.00775e-12
0.000984632 0.219655 -5.01427e-12
0.000985533 0.219638 -5.02067e-12
0.000986434 0.219621 -5.02639e-12
0.000987334 0.219604 -5.03108e-12
0.000988236 0.219587 -5.03634e-12
0.000989137 0.219569 -5.04057e-12
0.000990037 0.219551 -5.04492e-12
0.000990938 0.219533 -5.05144e-12
0.00099184 0.219515 -5.05727e-12
0.00099274 0.219497 -5.0631e-12
0.00099364 0.219479 -5.06756e-12
0.00099454 0.21946 -5.07431e-12
0.000995439 0.219441 -5.07945e-12
0.000996339 0.219423 -5.08391e-12
0.000997238 0.219404 -5.08906e-12
0.000998137 0.219385 -5.09306e-12
0.000999037 0.219365 -5.09935e-12
0.000999938 0.219346 -5.10553e-12
0.00100084 0.219327 -5.11182e-12
0.00100173 0.219308 -5.1173e-12
0.00100263 0.219288 -5.12211e-12
0.00100353 0.219269 -5.12783e-12
0.00100443 0.219249 -5.13297e-12
0.00100532 0.21923 -5.13766e-12
0.00100622 0.21921 -5.14338e-12
0.00100712 0.219191 -5.14761e-12
0.00100808 0.21917 -5.15333e-12
0.00100897 0.21915 -5.15744e-12
0.00100987 0.219131 -5.16396e-12
0.00101076 0.219111 -5.16888e-12
0.00101166 0.219092 -5.1754e-12
0.00101255 0.219072 -5.1818e-12
0.00101345 0.219053 -5.18729e-12
0.00101434 0.219033 -5.19289e-12
0.00101524 0.219014 -5.1969e-12
0.00101613 0.218995 -5.20216e-12
0.00101702 0.218975 -5.20765e-12
0.00101792 0.218956 -5.21222e-12
0.00101881 0.218937 -5.21759e-12
0.0010197 0.218918 -5.22297e-12
0.0010206 0.218899 -5.22812e-12
0.00102149 0.21888 -5.23372e-12
0.00102238 0.21886 -5.23898e-12
0.00102328 0.218841 -5.24447e-12
0.00102417 0.218822 -5.25041e-12
0.00102506 0.218803 -5.25579e-12
0.00102595 0.218784 -5.26025e-12
0.00102684 0.218765 -5.26517e-12
0.00102773 0.218747 -5.27043e-12
0.00102862 0.218728 -5.27626e-12
0.00102951 0.218709 -5.28003e-12
0.0010304 0.21869 -5.28621e-12
0.00103129 0.218671 -5.29113e-12
0.00103218 0.218652 -5.29707e-12
0.00103307 0.218633 -5.30222e-12
0.00103395 0.218615 -5.30771e-12
0.00103484 0.218596 -5.31297e-12
0.00103573 0.218577 -5.318e-12
0.00103662 0.218558 -5.32314e-12
0.00103751 0.21854 -5.32932e-12
0.00103839 0.218521 -5.33447e-12
0.00103928 0.218502 -5.3395e-12
0.00104017 0.218483 -5.34544e-12
0.00104105 0.218465 -5.34876e-12
0.00104194 0.218446 -5.35379e-12
0.00104282 0.218428 -5.35837e-12
0.00104371 0.218409 -5.36374e-12
0.00104459 0.21839 -5.37026e-12
0.00104548 0.218372 -5.37575e-12
0.00104636 0.218353 -5.38284e-12
0.00104725 0.218335 -5.3881e-12
0.00104813 0.218317 -5.39279e-12
0.00104902 0.218298 -5.39736e-12
0.0010499 0.21828 -5.40251e-12
0.00105079 0.218262 -5.40697e-12
0.00105167 0.218244 -5.41326e-12
0.00105255 0.218226 -5.41886e-12
0.00105344 0.218207 -5.42366e-12
0.00105433 0.218189 -5.4295e-12
0.00105521 0.218172 -5.43487e-12
0.00105609 0.218154 -5.43807e-12
0.00105698 0.218136 -5.44345e-12
0.00105786 0.218118 -5.44894e-12
0.00105874 0.218101 -5.45591e-12
0.00105962 0.218083 -5.4606e-12
0.0010605 0.218065 -5.46632e-12
0.00106138 0.218048 -5.47135e-12
0.00106226 0.218031 -5.47684e-12
0.00106315 0.218013 -5.4813e-12
0.00106403 0.217996 -5.48576e-12
0.00106491 0.217979 -5.49148e-12
0.00106579 0.217961 -5.49639e-12
0.00106667 0.217944 -5.50143e-12
0.00106755 0.217927 -5.50749e-12
0.00106844 0.21791 -5.51286e-12
0.00106932 0.217893 -5.51789e-12
0.0010702 0.217876 -5.52315e-12
0.00107108 0.217859 -5.52796e-12
0.00107196 0.217842 -5.53413e-12
0.00107284 0.217825 -5.54008e-12
0.00107372 0.217809 -5.54362e-12
0.0010746 0.217792 -5.54865e-12
0.00107548 0.217775 -5.55391e-12
0.00107637 0.217758 -5.55929e-12
0.00107725 0.217741 -5.56626e-12
0.00107813 0.217725 -5.57175e-12
0.00107901 0.217708 -5.57713e-12
0.00107989 0.217691 -5.58125e-12
