-0.0015 1.225 0 0 206786 101325 1
-0.0005 1.225 0 0 206786 101325 1
0.0005 1.225 0 0 206786 101325 1
0.0015 1.225 0 0 206786 101325 1
0.0025 1.225 0 0 206786 101325 1
0.0035 1.225 0 0 206786 101325 1
0.0045 1.225 0 0 206786 101325 1
0.0055 1.225 0 0 206786 101325 1
0.0065 1.225 0 0 206786 101325 1
0.0075 1.225 0 0 206786 101325 1
0.0085 1.225 0 0 206786 101325 1
0.0095 1.225 0 0 206786 101325 1
0.0105 1.225 0 0 206786 101325 1
0.0115 1.225 0 0 206786 101325 1
0.0125 1.225 0 0 206786 101325 1
0.0135 1.225 0 0 206786 101325 1
0.0145 1.225 0 0 206786 101325 1
0.0155 1.225 0 0 206786 101325 1
0.0165 1.225 0 0 206786 101325 1
0.0175 1.225 0 0 206786 101325 1
0.0185 1.225 0 0 206786 101325 1
0.0195 1.225 0 0 206786 101325 1
0.0205 1.225 0 0 206786 101325 1
0.0215 1.225 0 0 206786 101325 1
0.0225 1.225 0 0 206786 101325 1
0.0235 1.225 0 0 206786 101325 1
0.0245 1.225 0 0 206786 101325 1
0.0255 1.225 0 0 206786 101325 1
0.0265 1.225 0 0 206786 101325 1
0.0275 1.225 0 0 206786 101325 1
0.0285 1.225 0 0 206786 101325 1
0.0295 1.225 0 0 206786 101325 1
0.0305 1.225 0 0 206786 101325 1
0.0315 1.225 0 0 206786 101325 1
0.0325 1.225 0 0 206786 101325 1
0.0335 1.225 0 0 206786 101325 1
0.0345 1.225 0 0 206786 101325 1
0.0355 1.225 0 0 206786 101325 1
0.0365 1.225 0 0 206786 101325 1
0.0375 1.225 0 0 206786 101325 1
0.0385 1.225 0 0 206786 101325 1
0.0395 1.225 0 0 206786 101325 1
0.0405 1.225 0 0 206786 101325 1
0.0415 1.225 0 0 206786 101325 1
0.0425 1.225 0 0 206786 101325 1
0.0435 1.225 0 0 206786 101325 1
0.0445 1.225 0 0 206786 101325 1
0.0455 1.225 0 0 206786 101325 1
0.0465 1.225 0 0 206786 101325 1
0.0475 1.225 0 0 206786 101325 1
0.0485 1.225 0 0 206786 101325 1
0.0495 1.225 0 0 206786 101325 1
0.0505 1.225 0 0 206786 101325 1
0.0515 1.225 0 0 206786 101325 1
0.0525 1.225 0 0 206786 101325 1
0.0535 1.225 0 0 206786 101325 1
0.0545 1.225 0 0 206786 101325 1
0.0555 1.225 0 0 206786 101325 1
0.0565 1.225 0 0 206786 101325 1
0.0575 1.225 0 0 206786 101325 1
0.0585 1.225 0 0 206786 101325 1
0.0595 1.225 0 0 206786 101325 1
0.0605 1.225 0 0 206786 101325 1
0.0615 1.225 0 0 206786 101325 1
0.0625 1.225 0 0 206786 101325 1
0.0635 1.225 0 0 206786 101325 1
0.0645 1.225 0 0 206786 101325 1
0.0655 1.225 0 0 206786 101325 1
0.0665 1.225 0 0 206786 101325 1
0.0675 1.225 0 0 206786 101325 1
0.0685 1.225 0 0 206786 101325 1
0.0695 1.225 0 0 206786 101325 1
0.0705 1.225 0 0 206786 101325 1
0.0715 1.225 0 0 206786 101325 1
0.0725 1.225 0 0 206786 101325 1
0.0735 1.225 0 0 206786 101325 1
0.0745 1.225 0 0 206786 101325 1
0.0755 1.225 0 0 206786 101325 1
0.0765 1.225 0 0 206786 101325 1
0.0775 1.225 0 0 206786 101325 1
0.0785 1.225 0 0 206786 101325 1
0.0795 1.225 0 0 206786 101325 1
0.0805 1.225 0 0 206786 101325 1
0.0815 1.225 0 0 206786 101325 1
0.0825 1.225 0 0 206786 101325 1
0.0835 1.225 0 0 206786 101325 1
0.0845 1.225 0 0 206786 101325 1
0.0855 1.225 0 0 206786 101325 1
0.0865 1.225 0 0 206786 101325 1
0.0875 1.225 0 0 206786 101325 1
0.0885 1.225 0 0 206786 101325 1
0.0895 1.225 0 0 206786 101325 1
0.0905 1.225 0 0 206786 101325 1
0.0915 1.225 0 0 206786 101325 1
0.0925 1.225 0 0 206786 101325 1
0.0935 1.225 0 0 206786 101325 1
0.0945 1.225 0 0 206786 101325 1
0.0955 1.225 0 0 206786 101325 1
0.0965 1.225 0 0 206786 101325 1
0.0975 1.225 0 0 206786 101325 1
0.0985 1.225 0 0 206786 101325 1
0.0995 1.225 0 0 206786 101325 1
0.1005 1.225 0 0 206786 101325 1
0.1015 1.225 0 0 206786 101325 1
0.1025 1.225 0 0 206786 101325 1
0.1035 1.225 0 0 206786 101325 1
0.1045 1.225 0 0 206786 101325 1
0.1055 1.225 0 0 206786 101325 1
0.1065 1.225 0 0 206786 101325 1
0.1075 1.225 0 0 206786 101325 1
0.1085 1.225 0 0 206786 101325 1
0.1095 1.225 0 0 206786 101325 1
0.1105 1.225 0 0 206786 101325 1
0.1115 1.225 0 0 206786 101325 1
0.1125 1.225 0 0 206786 101325 1
0.1135 1.225 0 0 206786 101325 1
0.1145 1.225 0 0 206786 101325 1
0.1155 1.225 0 0 206786 101325 1
0.1165 1.225 0 0 206786 101325 1
0.1175 1.225 0 0 206786 101325 1
0.1185 1.225 0 0 206786 101325 1
0.1195 1.225 0 0 206786 101325 1
0.1205 1.225 0 0 206786 101325 1
0.1215 1.225 0 0 206786 101325 1
0.1225 1.225 0 0 206786 101325 1
0.1235 1.225 0 0 206786 101325 1
0.1245 1.225 0 0 206786 101325 1
0.1255 1.225 0 0 206786 101325 1
0.1265 1.225 0 0 206786 101325 1
0.1275 1.225 0 0 206786 101325 1
0.1285 1.225 0 0 206786 101325 1
0.1295 1.225 0 0 206786 101325 1
0.1305 1.225 0 0 206786 101325 1
0.1315 1.225 0 0 206786 101325 1
0.1325 1.225 0 0 206786 101325 1
0.1335 1.225 0 0 206786 101325 1
0.1345 1.225 0 0 206786 101325 1
0.1355 1.225 0 0 206786 101325 1
0.1365 1.225 0 0 206786 101325 1
0.1375 1.225 0 0 206786 101325 1
0.1385 1.225 0 0 206786 101325 1
0.1395 1.225 0 0 206786 101325 1
0.1405 1.225 0 0 206786 101325 1
0.1415 1.225 0 0 206786 101325 1
0.1425 1.225 0 0 206786 101325 1
0.1435 1.225 0 0 206786 101325 1
0.1445 1.225 0 0 206786 101325 1
0.1455 1.225 0 0 206786 101325 1
0.1465 1.225 0 0 206786 101325 1
0.1475 1.225 0 0 206786 101325 1
0.1485 1.225 0 0 206786 101325 1
0.1495 1.225 0 0 206786 101325 1
0.1505 1.225 0 0 206786 101325 1
0.1515 1.225 0 0 206786 101325 1
0.1525 1.225 0 0 206786 101325 1
0.1535 1.225 0 0 206786 101325 1
0.1545 1.225 0 0 206786 101325 1
0.1555 1.225 0 0 206786 101325 1
0.1565 1.225 0 0 206786 101325 1
0.1575 1.225 0 0 206786 101325 1
0.1585 1.225 0 0 206786 101325 1
0.1595 1.225 0 0 206786 101325 1
0.1605 1.225 0 0 206786 101325 1
0.1615 1.225 0 0 206786 101325 1
0.1625 1.225 0 0 206786 101325 1
0.1635 1.225 0 0 206786 101325 1
0.1645 1.225 0 0 206786 101325 1
0.1655 1.225 0 0 206786 101325 1
0.1665 1.225 0 0 206786 101325 1
0.1675 1.225 0 0 206786 101325 1
0.1685 1.225 0 0 206786 101325 1
0.1695 1.225 0 0 206786 101325 1
0.1705 1.225 0 0 206786 101325 1
0.1715 1.225 0 0 206786 101325 1
0.1725 1.225 0 0 206786 101325 1
0.1735 1.225 0 0 206786 101325 1
0.1745 1.225 0 0 206786 101325 1
0.1755 1.225 0 0 206786 101325 1
0.1765 1.225 0 0 206786 101325 1
0.1775 1.225 0 0 206786 101325 1
0.1785 1.225 0 0 206786 101325 1
0.1795 1.225 0 0 206786 101325 1
0.1805 1.225 0 0 206786 101325 1
0.1815 1.225 0 0 206786 101325 1
0.1825 1.225 0 0 206786 101325 1
0.1835 1.225 0 0 206786 101325 1
0.1845 1.225 0 0 206786 101325 1
0.1855 1.225 0 0 206786 101325 1
0.1865 1.225 0 0 206786 101325 1
0.1875 1.225 0 0 206786 101325 1
0.1885 1.225 0 0 206786 101325 1
0.1895 1.225 0 0 206786 101325 1
0.1905 1.225 0 0 206786 101325 1
0.1915 1.225 0 0 206786 101325 1
0.1925 1.225 0 0 206786 101325 1
0.1935 1.225 0 0 206786 101325 1
0.1945 1.225 0 0 206786 101325 1
0.1955 1.225 0 0 206786 101325 1
0.1965 1.225 0 0 206786 101325 1
0.1975 1.225 0 0 206786 101325 1
0.1985 1.225 0 0 206786 101325 1
0.1995 1.225 0 0 206786 101325 1
0.2005 3.64774 0 0 108120 101325 0.0816
0.2015 3.863 0 0 105340 101325 0
0.2025 3.863 0 0 105340 101325 0
0.2035 3.863 0 0 105340 101325 0
0.2045 3.863 0 0 105340 101325 0
0.2055 3.863 0 0 105340 101325 0
0.2065 3.863 0 0 105340 101325 0
0.2075 3.863 0 0 105340 101325 0
0.2085 3.863 0 0 105340 101325 0
0.2095 3.863 0 0 105340 101325 0
0.2105 3.863 0 0 105340 101325 0
0.2115 3.863 0 0 105340 101325 0
0.2125 3.863 0 0 105340 101325 0
0.2135 3.863 0 0 105340 101325 0
0.2145 3.863 0 0 105340 101325 0
0.2155 3.863 0 0 105340 101325 0
0.2165 3.863 0 0 105340 101325 0
0.2175 3.863 0 0 105340 101325 0
0.2185 3.863 0 0 105340 101325 0
0.2195 3.863 0 0 105340 101325 0
0.2205 3.863 0 0 105340 101325 0
0.2215 3.863 0 0 105340 101325 0
0.2225 3.863 0 0 105340 101325 0
0.2235 3.863 0 0 105340 101325 0
0.2245 3.863 0 0 105340 101325 0
0.2255 3.863 0 0 105340 101325 0
0.2265 3.863 0 0 105340 101325 0
0.2275 3.863 0 0 105340 101325 0
0.2285 3.863 0 0 105340 101325 0
0.2295 3.863 0 0 105340 101325 0
0.2305 3.863 0 0 105340 101325 0
0.2315 3.863 0 0 105340 101325 0
0.2325 3.863 0 0 105340 101325 0
0.2335 3.863 0 0 105340 101325 0
0.2345 3.863 0 0 105340 101325 0
0.2355 3.863 0 0 105340 101325 0
0.2365 3.863 0 0 105340 101325 0
0.2375 3.863 0 0 105340 101325 0
0.2385 3.863 0 0 105340 101325 0
0.2395 3.863 0 0 105340 101325 0
0.2405 3.863 0 0 105340 101325 0
0.2415 3.863 0 0 105340 101325 0
0.2425 3.863 0 0 105340 101325 0
0.2435 3.863 0 0 105340 101325 0
0.2445 3.863 0 0 105340 101325 0
0.2455 3.863 0 0 105340 101325 0
0.2465 3.863 0 0 105340 101325 0
0.2475 3.863 0 0 105340 101325 0
0.2485 3.863 0 0 105340 101325 0
0.2495 3.64774 0 0 108120 101325 0.0816
0.2505 1.225 0 0 206786 101325 1
0.2515 1.225 0 0 206786 101325 1
0.2525 1.225 0 0 206786 101325 1
0.2535 1.225 0 0 206786 101325 1
0.2545 1.225 0 0 206786 101325 1
0.2555 1.225 0 0 206786 101325 1
0.2565 1.225 0 0 206786 101325 1
0.2575 1.225 0 0 206786 101325 1
0.2585 1.225 0 0 206786 101325 1
0.2595 1.225 0 0 206786 101325 1
0.2605 1.225 0 0 206786 101325 1
0.2615 1.225 0 0 206786 101325 1
0.2625 1.225 0 0 206786 101325 1
0.2635 1.225 0 0 206786 101325 1
0.2645 1.225 0 0 206786 101325 1
0.2655 1.225 0 0 206786 101325 1
0.2665 1.225 0 0 206786 101325 1
0.2675 1.225 0 0 206786 101325 1
0.2685 1.225 0 0 206786 101325 1
0.2695 1.225 0 0 206786 101325 1
0.2705 1.225 0 0 206786 101325 1
0.2715 1.225 0 0 206786 101325 1
0.2725 1.225 0 0 206786 101325 1
0.2735 1.225 0 0 206786 101325 1
0.2745 1.225 0 0 206786 101325 1
0.2755 1.686 -113.5 0 235765 159000 1
0.2765 1.686 -113.5 0 235765 159000 1
0.2775 1.686 -113.5 0 235765 159000 1
0.2785 1.686 -113.5 0 235765 159000 1
0.2795 1.686 -113.5 0 235765 159000 1
0.2805 1.686 -113.5 0 235765 159000 1
0.2815 1.686 -113.5 0 235765 159000 1
0.2825 1.686 -113.5 0 235765 159000 1
0.2835 1.686 -113.5 0 235765 159000 1
0.2845 1.686 -113.5 0 235765 159000 1
0.2855 1.686 -113.5 0 235765 159000 1
0.2865 1.686 -113.5 0 235765 159000 1
0.2875 1.686 -113.5 0 235765 159000 1
0.2885 1.686 -113.5 0 235765 159000 1
0.2895 1.686 -113.5 0 235765 159000 1
0.2905 1.686 -113.5 0 235765 159000 1
0.2915 1.686 -113.5 0 235765 159000 1
0.2925 1.686 -113.5 0 235765 159000 1
0.2935 1.686 -113.5 0 235765 159000 1
0.2945 1.686 -113.5 0 235765 159000 1
0.2955 1.686 -113.5 0 235765 159000 1
0.2965 1.686 -113.5 0 235765 159000 1
0.2975 1.686 -113.5 0 235765 159000 1
0.2985 1.686 -113.5 0 235765 159000 1
0.2995 1.686 -113.5 0 235765 159000 1
0.3005 1.686 -113.5 0 235765 159000 1
0.3015 1.686 -113.5 0 235765 159000 1
0.3025 1.686 -113.5 0 235765 159000 1
0.3035 1.686 -113.5 0 235765 159000 1
0.3045 1.686 -113.5 0 235765 159000 1
0.3055 1.686 -113.5 0 235765 159000 1
0.3065 1.686 -113.5 0 235765 159000 1
0.3075 1.686 -113.5 0 235765 159000 1
0.3085 1.686 -113.5 0 235765 159000 1
0.3095 1.686 -113.5 0 235765 159000 1
0.3105 1.686 -113.5 0 235765 159000 1
0.3115 1.686 -113.5 0 235765 159000 1
0.3125 1.686 -113.5 0 235765 159000 1
0.3135 1.686 -113.5 0 235765 159000 1
0.3145 1.686 -113.5 0 235765 159000 1
0.3155 1.686 -113.5 0 235765 159000 1
0.3165 1.686 -113.5 0 235765 159000 1
0.3175 1.686 -113.5 0 235765 159000 1
0.3185 1.686 -113.5 0 235765 159000 1
0.3195 1.686 -113.5 0 235765 159000 1
0.3205 1.686 -113.5 0 235765 159000 1
0.3215 1.686 -113.5 0 235765 159000 1
0.3225 1.686 -113.5 0 235765 159000 1
0.3235 1.686 -113.5 0 235765 159000 1
0.3245 1.686 -113.5 0 235765 159000 1
0.3255 1.686 -113.5 0 235765 159000 1
0.3265 1.686 -113.5 0 235765 159000 1
0.3275 1.686 -113.5 0 235765 159000 1
0.3285 1.686 -113.5 0 235765 159000 1
0.3295 1.686 -113.5 0 235765 159000 1
0.3305 1.686 -113.5 0 235765 159000 1
0.3315 1.686 -113.5 0 235765 159000 1
0.3325 1.686 -113.5 0 235765 159000 1
0.3335 1.686 -113.5 0 235765 159000 1
0.3345 1.686 -113.5 0 235765 159000 1
0.3355 1.686 -113.5 0 235765 159000 1
0.3365 1.686 -113.5 0 235765 159000 1
0.3375 1.686 -113.5 0 235765 159000 1
0.3385 1.686 -113.5 0 235765 159000 1
0.3395 1.686 -113.5 0 235765 159000 1
0.3405 1.686 -113.5 0 235765 159000 1
0.3415 1.686 -113.5 0 235765 159000 1
0.3425 1.686 -113.5 0 235765 159000 1
0.3435 1.686 -113.5 0 235765 159000 1
0.3445 1.686 -113.5 0 235765 159000 1
0.3455 1.686 -113.5 0 235765 159000 1
0.3465 1.686 -113.5 0 235765 159000 1
0.3475 1.686 -113.5 0 235765 159000 1
0.3485 1.686 -113.5 0 235765 159000 1
0.3495 1.686 -113.5 0 235765 159000 1
0.3505 1.686 -113.5 0 235765 159000 1
0.3515 1.686 -113.5 0 235765 159000 1
0.3525 1.686 -113.5 0 235765 159000 1
0.3535 1.686 -113.5 0 235765 159000 1
0.3545 1.686 -113.5 0 235765 159000 1
0.3555 1.686 -113.5 0 235765 159000 1
0.3565 1.686 -113.5 0 235765 159000 1
0.3575 1.686 -113.5 0 235765 159000 1
0.3585 1.686 -113.5 0 235765 159000 1
0.3595 1.686 -113.5 0 235765 159000 1
0.3605 1.686 -113.5 0 235765 159000 1
0.3615 1.686 -113.5 0 235765 159000 1
0.3625 1.686 -113.5 0 235765 159000 1
0.3635 1.686 -113.5 0 235765 159000 1
0.3645 1.686 -113.5 0 235765 159000 1
0.3655 1.686 -113.5 0 235765 159000 1
0.3665 1.686 -113.5 0 235765 159000 1
0.3675 1.686 -113.5 0 235765 159000 1
0.3685 1.686 -113.5 0 235765 159000 1
0.3695 1.686 -113.5 0 235765 159000 1
0.3705 1.686 -113.5 0 235765 159000 1
0.3715 1.686 -113.5 0 235765 159000 1
0.3725 1.686 -113.5 0 235765 159000 1
0.3735 1.686 -113.5 0 235765 159000 1
0.3745 1.686 -113.5 0 235765 159000 1
0.3755 1.686 -113.5 0 235765 159000 1
0.3765 1.686 -113.5 0 235765 159000 1
0.3775 1.686 -113.5 0 235765 159000 1
0.3785 1.686 -113.5 0 235765 159000 1
0.3795 1.686 -113.5 0 235765 159000 1
0.3805 1.686 -113.5 0 235765 159000 1
0.3815 1.686 -113.5 0 235765 159000 1
0.3825 1.686 -113.5 0 235765 159000 1
0.3835 1.686 -113.5 0 235765 159000 1
0.3845 1.686 -113.5 0 235765 159000 1
0.3855 1.686 -113.5 0 235765 159000 1
0.3865 1.686 -113.5 0 235765 159000 1
0.3875 1.686 -113.5 0 235765 159000 1
0.3885 1.686 -113.5 0 235765 159000 1
0.3895 1.686 -113.5 0 235765 159000 1
0.3905 1.686 -113.5 0 235765 159000 1
0.3915 1.686 -113.5 0 235765 159000 1
0.3925 1.686 -113.5 0 235765 159000 1
0.3935 1.686 -113.5 0 235765 159000 1
0.3945 1.686 -113.5 0 235765 159000 1
0.3955 1.686 -113.5 0 235765 159000 1
0.3965 1.686 -113.5 0 235765 159000 1
0.3975 1.686 -113.5 0 235765 159000 1
0.3985 1.686 -113.5 0 235765 159000 1
0.3995 1.686 -113.5 0 235765 159000 1
0.4005 1.686 -113.5 0 235765 159000 1
0.4015 1.686 -113.5 0 235765 159000 1
0.4025 1.686 -113.5 0 235765 159000 1
0.4035 1.686 -113.5 0 235765 159000 1
0.4045 1.686 -113.5 0 235765 159000 1
0.4055 1.686 -113.5 0 235765 159000 1
0.4065 1.686 -113.5 0 235765 159000 1
0.4075 1.686 -113.5 0 235765 159000 1
0.4085 1.686 -113.5 0 235765 159000 1
0.4095 1.686 -113.5 0 235765 159000 1
0.4105 1.686 -113.5 0 235765 159000 1
0.4115 1.686 -113.5 0 235765 159000 1
0.4125 1.686 -113.5 0 235765 159000 1
0.4135 1.686 -113.5 0 235765 159000 1
0.4145 1.686 -113.5 0 235765 159000 1
0.4155 1.686 -113.5 0 235765 159000 1
0.4165 1.686 -113.5 0 235765 159000 1
0.4175 1.686 -113.5 0 235765 159000 1
0.4185 1.686 -113.5 0 235765 159000 1
0.4195 1.686 -113.5 0 235765 159000 1
0.4205 1.686 -113.5 0 235765 159000 1
0.4215 1.686 -113.5 0 235765 159000 1
0.4225 1.686 -113.5 0 235765 159000 1
0.4235 1.686 -113.5 0 235765 159000 1
0.4245 1.686 -113.5 0 235765 159000 1
0.4255 1.686 -113.5 0 235765 159000 1
0.4265 1.686 -113.5 0 235765 159000 1
0.4275 1.686 -113.5 0 235765 159000 1
0.4285 1.686 -113.5 0 235765 159000 1
0.4295 1.686 -113.5 0 235765 159000 1
0.4305 1.686 -113.5 0 235765 159000 1
0.4315 1.686 -113.5 0 235765 159000 1
0.4325 1.686 -113.5 0 235765 159000 1
0.4335 1.686 -113.5 0 235765 159000 1
0.4345 1.686 -113.5 0 235765 159000 1
0.4355 1.686 -113.5 0 235765 159000 1
0.4365 1.686 -113.5 0 235765 159000 1
0.4375 1.686 -113.5 0 235765 159000 1
0.4385 1.686 -113.5 0 235765 159000 1
0.4395 1.686 -113.5 0 235765 159000 1
0.4405 1.686 -113.5 0 235765 159000 1
0.4415 1.686 -113.5 0 235765 159000 1
0.4425 1.686 -113.5 0 235765 159000 1
0.4435 1.686 -113.5 0 235765 159000 1
0.4445 1.686 -113.5 0 235765 159000 1
0.4455 1.686 -113.5 0 235765 159000 1
0.4465 1.686 -113.5 0 235765 159000 1
