-0.003 5.04 0 0 2.13347 1 0
-0.001 5.04 0 0 2.13347 1 0
0.001 5.04 0 0 2.13347 1 0
0.003 5.04 0 0 2.13347 1 0
0.005 5.04 0 0 2.13347 1 0
0.007 5.04 0 0 2.13347 1 0
0.009 5.04 0 0 2.13347 1 0
0.011 5.04 0 0 2.13347 1 0
0.013 5.04 0 0 2.13347 1 0
0.015 5.04 0 0 2.13347 1 0
0.017 5.04 0 0 2.13347 1 0
0.019 5.04 0 0 2.13347 1 0
0.021 5.04 0 0 2.13347 1 0
0.023 5.04 0 0 2.13347 1 0
0.025 5.04 0 0 2.13347 1 0
0.027 5.04 0 0 2.13347 1 0
0.029 5.04 0 0 2.13347 1 0
0.031 5.04 0 0 2.13347 1 0
0.033 5.04 0 0 2.13347 1 0
0.035 5.04 0 0 2.13347 1 0
0.037 5.04 0 0 2.13347 1 0
0.039 5.04 0 0 2.13347 1 0
0.041 5.04 0 0 2.13347 1 0
0.043 5.04 0 0 2.13347 1 0
0.045 5.04 0 0 2.13347 1 0
0.047 5.04 0 0 2.13347 1 0
0.049 5.04 0 0 2.13347 1 0
0.051 5.04 0 0 2.13347 1 0
0.053 5.04 0 0 2.13347 1 0
0.055 5.04 0 0 2.13347 1 0
0.057 5.04 0 0 2.13347 1 0
0.059 5.04 0 0 2.13347 1 0
0.061 5.04 0 0 2.13347 1 0
0.063 5.04 0 0 2.13347 1 0
0.065 5.04 0 0 2.13347 1 0
0.067 5.04 0 0 2.13347 1 0
0.069 5.04 0 0 2.13347 1 0
0.071 5.04 0 0 2.13347 1 0
0.073 5.04 0 0 2.13347 1 0
0.075 5.04 0 0 2.13347 1 0
0.077 5.04 0 0 2.13347 1 0
0.079 5.04 0 0 2.13347 1 0
0.081 5.04 0 0 2.13347 1 0
0.083 5.04 0 0 2.13347 1 0
0.085 5.04 0 0 2.13347 1 0
0.087 5.04 0 0 2.13347 1 0
0.089 5.04 0 0 2.13347 1 0
0.091 5.04 0 0 2.13347 1 0
0.093 5.04 0 0 2.13347 1 0
0.095 5.04 0 0 2.13347 1 0
0.097 5.04 0 0 2.13347 1 0
0.099 5.04 0 0 2.13347 1 0
0.101 5.04 0 0 2.13347 1 0
0.103 5.04 0 0 2.13347 1 0
0.105 5.04 0 0 2.13347 1 0
0.107 5.04 0 0 2.13347 1 0
0.109 5.04 0 0 2.13347 1 0
0.111 5.04 0 0 2.13347 1 0
0.113 5.04 0 0 2.13347 1 0
0.115 5.04 0 0 2.13347 1 0
0.117 5.04 0 0 2.13347 1 0
0.119 5.04 0 0 2.13347 1 0
0.121 5.04 0 0 2.13347 1 0
0.123 5.04 0 0 2.13347 1 0
0.125 5.04 0 0 2.13347 1 0
0.127 5.04 0 0 2.13347 1 0
0.129 5.04 0 0 2.13347 1 0
0.131 5.04 0 0 2.13347 1 0
0.133 5.04 0 0 2.13347 1 0
0.135 5.04 0 0 2.13347 1 0
0.137 5.04 0 0 2.13347 1 0
0.139 5.04 0 0 2.13347 1 0
0.141 5.04 0 0 2.13347 1 0
0.143 5.04 0 0 2.13347 1 0
0.145 5.04 0 0 2.13347 1 0
0.147 5.04 0 0 2.13347 1 0
0.149 5.04 0 0 2.13347 1 0
0.151 5.04 0 0 2.13347 1 0
0.153 5.04 0 0 2.13347 1 0
0.155 5.04 0 0 2.13347 1 0
0.157 5.04 0 0 2.13347 1 0
0.159 5.04 0 0 2.13347 1 0
0.161 5.04 0 0 2.13347 1 0
0.163 5.04 0 0 2.13347 1 0
0.165 5.04 0 0 2.13347 1 0
0.167 5.04 0 0 2.13347 1 0
0.169 5.04 0 0 2.13347 1 0
0.171 5.04 0 0 2.13347 1 0
0.173 5.04 0 0 2.13347 1 0
0.175 5.04 0 0 2.13347 1 0
0.177 5.04 0 0 2.13347 1 0
0.179 5.04 0 0 2.13347 1 0
0.181 5.04 0 0 2.13347 1 0
0.183 5.04 0 0 2.13347 1 0
0.185 5.04 0 0 2.13347 1 0
0.187 5.04 0 0 2.13347 1 0
0.189 5.04 0 0 2.13347 1 0
0.191 5.04 0 0 2.13347 1 0
0.193 5.04 0 0 2.13347 1 0
0.195 5.04 0 0 2.13347 1 0
0.197 5.04 0 0 2.13347 1 0
0.199 5.04 0 0 2.13347 1 0
0.201 5.04 0 0 2.13347 1 0
0.203 5.04 0 0 2.13347 1 0
0.205 5.04 0 0 2.13347 1 0
0.207 5.04 0 0 2.13347 1 0
0.209 5.04 0 0 2.13347 1 0
0.211 5.04 0 0 2.13347 1 0
0.213 5.04 0 0 2.13347 1 0
0.215 5.04 0 0 2.13347 1 0
0.217 5.04 0 0 2.13347 1 0
0.219 5.04 0 0 2.13347 1 0
0.221 5.04 0 0 2.13347 1 0
0.223 5.04 0 0 2.13347 1 0
0.225 5.04 0 0 2.13347 1 0
0.227 5.04 0 0 2.13347 1 0
0.229 5.04 0 0 2.13347 1 0
0.231 5.04 0 0 2.13347 1 0
0.233 5.04 0 0 2.13347 1 0
0.235 5.04 0 0 2.13347 1 0
0.237 5.04 0 0 2.13347 1 0
0.239 5.04 0 0 2.13347 1 0
0.241 5.04 0 0 2.13347 1 0
0.243 5.04 0 0 2.13347 1 0
0.245 5.04 0 0 2.13347 1 0
0.247 5.04 0 0 2.13347 1 0
0.249 5.04 0 0 2.13347 1 0
0.251 5.04 0 0 2.13347 1 0
0.253 5.04 0 0 2.13347 1 0
0.255 5.04 0 0 2.13347 1 0
0.257 5.04 0 0 2.13347 1 0
0.259 5.04 0 0 2.13347 1 0
0.261 5.04 0 0 2.13347 1 0
0.263 5.04 0 0 2.13347 1 0
0.265 5.04 0 0 2.13347 1 0
0.267 5.04 0 0 2.13347 1 0
0.269 5.04 0 0 2.13347 1 0
0.271 5.04 0 0 2.13347 1 0
0.273 5.04 0 0 2.13347 1 0
0.275 5.04 0 0 2.13347 1 0
0.277 5.04 0 0 2.13347 1 0
0.279 5.04 0 0 2.13347 1 0
0.281 5.04 0 0 2.13347 1 0
0.283 5.04 0 0 2.13347 1 0
0.285 5.04 0 0 2.13347 1 0
0.287 5.04 0 0 2.13347 1 0
0.289 5.04 0 0 2.13347 1 0
0.291 5.04 0 0 2.13347 1 0
0.293 5.04 0 0 2.13347 1 0
0.295 5.04 0 0 2.13347 1 0
0.297 5.04 0 0 2.13347 1 0
0.299 5.04 0 0 2.13347 1 0
0.301 5.04 0 0 2.13347 1 0
0.303 5.04 0 0 2.13347 1 0
0.305 5.04 0 0 2.13347 1 0
0.307 5.04 0 0 2.13347 1 0
0.309 5.04 0 0 2.13347 1 0
0.311 5.04 0 0 2.13347 1 0
0.313 5.04 0 0 2.13347 1 0
0.315 5.04 0 0 2.13347 1 0
0.317 5.04 0 0 2.13347 1 0
0.319 5.04 0 0 2.13347 1 0
0.321 5.04 0 0 2.13347 1 0
0.323 5.04 0 0 2.13347 1 0
0.325 5.04 0 0 2.13347 1 0
0.327 5.04 0 0 2.13347 1 0
0.329 5.04 0 0 2.13347 1 0
0.331 5.04 0 0 2.13347 1 0
0.333 5.04 0 0 2.13347 1 0
0.335 5.04 0 0 2.13347 1 0
0.337 5.04 0 0 2.13347 1 0
0.339 5.04 0 0 2.13347 1 0
0.341 5.04 0 0 2.13347 1 0
0.343 5.04 0 0 2.13347 1 0
0.345 5.04 0 0 2.13347 1 0
0.347 5.04 0 0 2.13347 1 0
0.349 5.04 0 0 2.13347 1 0
0.351 5.04 0 0 2.13347 1 0
0.353 5.04 0 0 2.13347 1 0
0.355 5.04 0 0 2.13347 1 0
0.357 5.04 0 0 2.13347 1 0
0.359 5.04 0 0 2.13347 1 0
0.361 5.04 0 0 2.13347 1 0
0.363 5.04 0 0 2.13347 1 0
0.365 5.04 0 0 2.13347 1 0
0.367 5.04 0 0 2.13347 1 0
0.369 5.04 0 0 2.13347 1 0
0.371 5.04 0 0 2.13347 1 0
0.373 5.04 0 0 2.13347 1 0
0.375 5.04 0 0 2.13347 1 0
0.377 5.04 0 0 2.13347 1 0
0.379 5.04 0 0 2.13347 1 0
0.381 5.04 0 0 2.13347 1 0
0.383 5.04 0 0 2.13347 1 0
0.385 5.04 0 0 2.13347 1 0
0.387 5.04 0 0 2.13347 1 0
0.389 5.04 0 0 2.13347 1 0
0.391 5.04 0 0 2.13347 1 0
0.393 5.04 0 0 2.13347 1 0
0.395 5.04 0 0 2.13347 1 0
0.397 5.04 0 0 2.13347 1 0
0.399 5.04 0 0 2.13347 1 0
0.401 5.04 0 0 2.13347 1 0
0.403 5.04 0 0 2.13347 1 0
0.405 5.04 0 0 2.13347 1 0
0.407 5.04 0 0 2.13347 1 0
0.409 5.04 0 0 2.13347 1 0
0.411 5.04 0 0 2.13347 1 0
0.413 5.04 0 0 2.13347 1 0
0.415 5.04 0 0 2.13347 1 0
0.417 5.04 0 0 2.13347 1 0
0.419 5.04 0 0 2.13347 1 0
0.421 5.04 0 0 2.13347 1 0
0.423 5.04 0 0 2.13347 1 0
0.425 5.04 0 0 2.13347 1 0
0.427 5.04 0 0 2.13347 1 0
0.429 5.04 0 0 2.13347 1 0
0.431 5.04 0 0 2.13347 1 0
0.433 5.04 0 0 2.13347 1 0
0.435 5.04 0 0 2.13347 1 0
0.437 5.04 0 0 2.13347 1 0
0.439 5.04 0 0 2.13347 1 0
0.441 5.04 0 0 2.13347 1 0
0.443 5.04 0 0 2.13347 1 0
0.445 5.04 0 0 2.13347 1 0
0.447 5.04 0 0 2.13347 1 0
0.449 5.04 0 0 2.13347 1 0
0.451 5.04 0 0 2.13347 1 0
0.453 5.04 0 0 2.13347 1 0
0.455 5.04 0 0 2.13347 1 0
0.457 5.04 0 0 2.13347 1 0
0.459 5.04 0 0 2.13347 1 0
0.461 5.04 0 0 2.13347 1 0
0.463 5.04 0 0 2.13347 1 0
0.465 5.04 0 0 2.13347 1 0
0.467 5.04 0 0 2.13347 1 0
0.469 5.04 0 0 2.13347 1 0
0.471 5.04 0 0 2.13347 1 0
0.473 5.04 0 0 2.13347 1 0
0.475 5.04 0 0 2.13347 1 0
0.477 5.04 0 0 2.13347 1 0
0.479 5.04 0 0 2.13347 1 0
0.481 5.04 0 0 2.13347 1 0
0.483 5.04 0 0 2.13347 1 0
0.485 5.04 0 0 2.13347 1 0
0.487 5.04 0 0 2.13347 1 0
0.489 5.04 0 0 2.13347 1 0
0.491 5.04 0 0 2.13347 1 0
0.493 5.04 0 0 2.13347 1 0
0.495 5.04 0 0 2.13347 1 0
0.497 5.04 0 0 2.13347 1 0
0.499 5.04 0 0 2.13347 1 0
0.501 5.04 0 0 2.13347 1 0
0.503 5.04 0 0 2.13347 1 0
0.505 5.04 0 0 2.13347 1 0
0.507 5.04 0 0 2.13347 1 0
0.509 5.04 0 0 2.13347 1 0
0.511 5.04 0 0 2.13347 1 0
0.513 5.04 0 0 2.13347 1 0
0.515 5.04 0 0 2.13347 1 0
0.517 5.04 0 0 2.13347 1 0
0.519 5.04 0 0 2.13347 1 0
0.521 5.04 0 0 2.13347 1 0
0.523 5.04 0 0 2.13347 1 0
0.525 5.04 0 0 2.13347 1 0
0.527 5.04 0 0 2.13347 1 0
0.529 5.04 0 0 2.13347 1 0
0.531 5.04 0 0 2.13347 1 0
0.533 5.04 0 0 2.13347 1 0
0.535 5.04 0 0 2.13347 1 0
0.537 5.04 0 0 2.13347 1 0
0.539 5.04 0 0 2.13347 1 0
0.541 5.04 0 0 2.13347 1 0
0.543 5.04 0 0 2.13347 1 0
0.545 5.04 0 0 2.13347 1 0
0.547 5.04 0 0 2.13347 1 0
0.549 5.04 0 0 2.13347 1 0
0.551 5.04 0 0 2.13347 1 0
0.553 5.04 0 0 2.13347 1 0
0.555 5.04 0 0 2.13347 1 0
0.557 5.04 0 0 2.13347 1 0
0.559 5.04 0 0 2.13347 1 0
0.561 5.04 0 0 2.13347 1 0
0.563 5.04 0 0 2.13347 1 0
0.565 5.04 0 0 2.13347 1 0
0.567 5.04 0 0 2.13347 1 0
0.569 5.04 0 0 2.13347 1 0
0.571 5.04 0 0 2.13347 1 0
0.573 5.04 0 0 2.13347 1 0
0.575 5.04 0 0 2.13347 1 0
0.577 5.04 0 0 2.13347 1 0
0.579 5.04 0 0 2.13347 1 0
0.581 5.04 0 0 2.13347 1 0
0.583 5.04 0 0 2.13347 1 0
0.585 5.04 0 0 2.13347 1 0
0.587 5.04 0 0 2.13347 1 0
0.589 5.04 0 0 2.13347 1 0
0.591 5.04 0 0 2.13347 1 0
0.593 5.04 0 0 2.13347 1 0
0.595 5.04 0 0 2.13347 1 0
0.597 5.04 0 0 2.13347 1 0
0.599 5.04 0 0 2.13347 1 0
0.601 5.04 0 0 2.13347 1 0
0.603 5.04 0 0 2.13347 1 0
0.605 5.04 0 0 2.13347 1 0
0.607 5.04 0 0 2.13347 1 0
0.609 5.04 0 0 2.13347 1 0
0.611 5.04 0 0 2.13347 1 0
0.613 5.04 0 0 2.13347 1 0
0.615 5.04 0 0 2.13347 1 0
0.617 5.04 0 0 2.13347 1 0
0.619 5.04 0 0 2.13347 1 0
0.621 5.04 0 0 2.13347 1 0
0.623 5.04 0 0 2.13347 1 0
0.625 5.04 0 0 2.13347 1 0
0.627 5.04 0 0 2.13347 1 0
0.629 5.04 0 0 2.13347 1 0
0.631 5.04 0 0 2.13347 1 0
0.633 5.04 0 0 2.13347 1 0
0.635 5.04 0 0 2.13347 1 0
0.637 5.04 0 0 2.13347 1 0
0.639 5.04 0 0 2.13347 1 0
0.641 5.04 0 0 2.13347 1 0
0.643 5.04 0 0 2.13347 1 0
0.645 5.04 0 0 2.13347 1 0
0.647 5.04 0 0 2.13347 1 0
0.649 5.04 0 0 2.13347 1 0
0.651 5.04 0 0 2.13347 1 0
0.653 5.04 0 0 2.13347 1 0
0.655 5.04 0 0 2.13347 1 0
0.657 5.04 0 0 2.13347 1 0
0.659 5.04 0 0 2.13347 1 0
0.661 5.04 0 0 2.13347 1 0
0.663 5.04 0 0 2.13347 1 0
0.665 5.04 0 0 2.13347 1 0
0.667 5.04 0 0 2.13347 1 0
0.669 5.04 0 0 2.13347 1 0
0.671 5.04 0 0 2.13347 1 0
0.673 5.04 0 0 2.13347 1 0
0.675 5.04 0 0 2.13347 1 0
0.677 5.04 0 0 2.13347 1 0
0.679 5.04 0 0 2.13347 1 0
0.681 5.04 0 0 2.13347 1 0
0.683 5.04 0 0 2.13347 1 0
0.685 5.04 0 0 2.13347 1 0
0.687 5.04 0 0 2.13347 1 0
0.689 5.04 0 0 2.13347 1 0
0.691 5.04 0 0 2.13347 1 0
0.693 5.04 0 0 2.13347 1 0
0.695 5.04 0 0 2.13347 1 0
0.697 5.04 0 0 2.13347 1 0
0.699 5.04 0 0 2.13347 1 0
0.701 5.04 0 0 2.13347 1 0
0.703 5.04 0 0 2.13347 1 0
0.705 5.04 0 0 2.13347 1 0
0.707 5.04 0 0 2.13347 1 0
0.709 5.04 0 0 2.13347 1 0
0.711 5.04 0 0 2.13347 1 0
0.713 5.04 0 0 2.13347 1 0
0.715 5.04 0 0 2.13347 1 0
0.717 5.04 0 0 2.13347 1 0
0.719 5.04 0 0 2.13347 1 0
0.721 5.04 0 0 2.13347 1 0
0.723 5.04 0 0 2.13347 1 0
0.725 5.04 0 0 2.13347 1 0
0.727 5.04 0 0 2.13347 1 0
0.729 5.04 0 0 2.13347 1 0
0.731 5.04 0 0 2.13347 1 0
0.733 5.04 0 0 2.13347 1 0
0.735 5.04 0 0 2.13347 1 0
0.737 5.04 0 0 2.13347 1 0
0.739 5.04 0 0 2.13347 1 0
0.741 5.04 0 0 2.13347 1 0
0.743 5.04 0 0 2.13347 1 0
0.745 5.04 0 0 2.13347 1 0
0.747 5.04 0 0 2.13347 1 0
0.749 5.04 0 0 2.13347 1 0
0.751 5.04 0 0 2.13347 1 0
0.753 5.04 0 0 2.13347 1 0
0.755 5.04 0 0 2.13347 1 0
0.757 5.04 0 0 2.13347 1 0
0.759 5.04 0 0 2.13347 1 0
0.761 5.04 0 0 2.13347 1 0
0.763 5.04 0 0 2.13347 1 0
0.765 5.04 0 0 2.13347 1 0
0.767 5.04 0 0 2.13347 1 0
0.769 5.04 0 0 2.13347 1 0
0.771 5.04 0 0 2.13347 1 0
0.773 5.04 0 0 2.13347 1 0
0.775 5.04 0 0 2.13347 1 0
0.777 5.04 0 0 2.13347 1 0
0.779 5.04 0 0 2.13347 1 0
0.781 5.04 0 0 2.13347 1 0
0.783 5.04 0 0 2.13347 1 0
0.785 5.04 0 0 2.13347 1 0
0.787 5.04 0 0 2.13347 1 0
0.789 5.04 0 0 2.13347 1 0
0.791 5.04 0 0 2.13347 1 0
0.793 5.04 0 0 2.13347 1 0
0.795 5.04 0 0 2.13347 1 0
0.797 5.04 0 0 2.13347 1 0
0.799 5.04 0 0 2.13347 1 0
0.801 5.04 0 0 2.13347 1 0
0.803 5.04 0 0 2.13347 1 0
0.805 5.04 0 0 2.13347 1 0
0.807 5.04 0 0 2.13347 1 0
0.809 5.04 0 0 2.13347 1 0
0.811 5.04 0 0 2.13347 1 0
0.813 5.04 0 0 2.13347 1 0
0.815 5.04 0 0 2.13347 1 0
0.817 5.04 0 0 2.13347 1 0
0.819 5.04 0 0 2.13347 1 0
0.821 5.04 0 0 2.13347 1 0
0.823 5.04 0 0 2.13347 1 0
0.825 5.04 0 0 2.13347 1 0
0.827 5.04 0 0 2.13347 1 0
0.829 5.04 0 0 2.13347 1 0
0.831 5.04 0 0 2.13347 1 0
0.833 5.04 0 0 2.13347 1 0
0.835 5.04 0 0 2.13347 1 0
0.837 5.04 0 0 2.13347 1 0
0.839 5.04 0 0 2.13347 1 0
0.841 5.04 0 0 2.13347 1 0
0.843 5.04 0 0 2.13347 1 0
0.845 5.04 0 0 2.13347 1 0
0.847 5.04 0 0 2.13347 1 0
0.849 5.04 0 0 2.13347 1 0
0.851 5.04 0 0 2.13347 1 0
0.853 5.04 0 0 2.13347 1 0
0.855 5.04 0 0 2.13347 1 0
0.857 5.04 0 0 2.13347 1 0
0.859 5.04 0 0 2.13347 1 0
0.861 5.04 0 0 2.13347 1 0
0.863 5.04 0 0 2.13347 1 0
0.865 5.04 0 0 2.13347 1 0
0.867 5.04 0 0 2.13347 1 0
0.869 5.04 0 0 2.13347 1 0
0.871 5.04 0 0 2.13347 1 0
0.873 5.04 0 0 2.13347 1 0
0.875 5.04 0 0 2.13347 1 0
0.877 5.04 0 0 2.13347 1 0
0.879 5.04 0 0 2.13347 1 0
0.881 5.04 0 0 2.13347 1 0
0.883 5.04 0 0 2.13347 1 0
0.885 5.04 0 0 2.13347 1 0
0.887 5.04 0 0 2.13347 1 0
0.889 5.04 0 0 2.13347 1 0
0.891 5.04 0 0 2.13347 1 0
0.893 5.04 0 0 2.13347 1 0
0.895 5.04 0 0 2.13347 1 0
0.897 5.04 0 0 2.13347 1 0
0.899 5.04 0 0 2.13347 1 0
0.901 5.04 0 0 2.13347 1 0
0.903 5.04 0 0 2.13347 1 0
0.905 5.04 0 0 2.13347 1 0
0.907 5.04 0 0 2.13347 1 0
0.909 5.04 0 0 2.13347 1 0
0.911 5.04 0 0 2.13347 1 0
0.913 5.04 0 0 2.13347 1 0
0.915 5.04 0 0 2.13347 1 0
0.917 5.04 0 0 2.13347 1 0
0.919 5.04 0 0 2.13347 1 0
0.921 5.04 0 0 2.13347 1 0
0.923 5.04 0 0 2.13347 1 0
0.925 5.04 0 0 2.13347 1 0
0.927 5.04 0 0 2.13347 1 0
0.929 5.04 0 0 2.13347 1 0
0.931 5.04 0 0 2.13347 1 0
0.933 5.04 0 0 2.13347 1 0
0.935 5.04 0 0 2.13347 1 0
0.937 5.04 0 0 2.13347 1 0
0.939 5.04 0 0 2.13347 1 0
0.941 5.04 0 0 2.13347 1 0
0.943 5.04 0 0 2.13347 1 0
0.945 5.04 0 0 2.13347 1 0
0.947 5.04 0 0 2.13347 1 0
0.949 5.04 0 0 2.13347 1 0
0.951 5.04 0 0 2.13347 1 0
0.953 5.04 0 0 2.13347 1 0
0.955 5.04 0 0 2.13347 1 0
0.957 5.04 0 0 2.13347 1 0
0.959 5.04 0 0 2.13347 1 0
0.961 5.04 0 0 2.13347 1 0
0.963 5.04 0 0 2.13347 1 0
0.965 5.04 0 0 2.13347 1 0
0.967 5.04 0 0 2.13347 1 0
0.969 5.04 0 0 2.13347 1 0
0.971 5.04 0 0 2.13347 1 0
0.973 5.04 0 0 2.13347 1 0
0.975 5.04 0 0 2.13347 1 0
0.977 5.04 0 0 2.13347 1 0
0.979 5.04 0 0 2.13347 1 0
0.981 5.04 0 0 2.13347 1 0
0.983 5.04 0 0 2.13347 1 0
0.985 5.04 0 0 2.13347 1 0
0.987 5.04 0 0 2.13347 1 0
0.989 5.04 0 0 2.13347 1 0
0.991 5.04 0 0 2.13347 1 0
0.993 5.04 0 0 2.13347 1 0
0.995 5.04 0 0 2.13347 1 0
0.997 5.04 0 0 2.13347 1 0
0.999 5.04 0 0 2.13347 1 0
1.001 5.04 0 0 2.13347 1 0
1.003 5.04 0 0 2.13347 1 0
1.005 5.04 0 0 2.13347 1 0
1.007 5.04 0 0 2.13347 1 0
1.009 5.04 0 0 2.13347 1 0
1.011 5.04 0 0 2.13347 1 0
1.013 5.04 0 0 2.13347 1 0
1.015 5.04 0 0 2.13347 1 0
1.017 5.04 0 0 2.13347 1 0
1.019 5.04 0 0 2.13347 1 0
1.021 5.04 0 0 2.13347 1 0
1.023 5.04 0 0 2.13347 1 0
1.025 5.04 0 0 2.13347 1 0
1.027 5.04 0 0 2.13347 1 0
1.029 5.04 0 0 2.13347 1 0
1.031 5.04 0 0 2.13347 1 0
1.033 5.04 0 0 2.13347 1 0
1.035 5.04 0 0 2.13347 1 0
1.037 5.04 0 0 2.13347 1 0
1.039 5.04 0 0 2.13347 1 0
1.041 5.04 0 0 2.13347 1 0
1.043 5.04 0 0 2.13347 1 0
1.045 5.04 0 0 2.13347 1 0
1.047 5.04 0 0 2.13347 1 0
1.049 5.04 0 0 2.13347 1 0
1.051 5.04 0 0 2.13347 1 0
1.053 5.04 0 0 2.13347 1 0
1.055 5.04 0 0 2.13347 1 0
1.057 5.04 0 0 2.13347 1 0
1.059 5.04 0 0 2.13347 1 0
1.061 5.04 0 0 2.13347 1 0
1.063 5.04 0 0 2.13347 1 0
1.065 5.04 0 0 2.13347 1 0
1.067 5.04 0 0 2.13347 1 0
1.069 5.04 0 0 2.13347 1 0
1.071 5.04 0 0 2.13347 1 0
1.073 5.04 0 0 2.13347 1 0
1.075 5.04 0 0 2.13347 1 0
1.077 5.04 0 0 2.13347 1 0
1.079 5.04 0 0 2.13347 1 0
1.081 5.04 0 0 2.13347 1 0
1.083 5.04 0 0 2.13347 1 0
1.085 5.04 0 0 2.13347 1 0
1.087 5.04 0 0 2.13347 1 0
1.089 5.04 0 0 2.13347 1 0
1.091 5.04 0 0 2.13347 1 0
1.093 5.04 0 0 2.13347 1 0
1.095 5.04 0 0 2.13347 1 0
1.097 5.04 0 0 2.13347 1 0
1.099 5.04 0 0 2.13347 1 0
1.101 5.04 0 0 2.13347 1 0
1.103 5.04 0 0 2.13347 1 0
1.105 5.04 0 0 2.13347 1 0
1.107 5.04 0 0 2.13347 1 0
1.109 5.04 0 0 2.13347 1 0
1.111 5.04 0 0 2.13347 1 0
1.113 5.04 0 0 2.13347 1 0
1.115 5.04 0 0 2.13347 1 0
1.117 5.04 0 0 2.13347 1 0
1.119 5.04 0 0 2.13347 1 0
1.121 5.04 0 0 2.13347 1 0
1.123 5.04 0 0 2.13347 1 0
1.125 5.04 0 0 2.13347 1 0
1.127 5.04 0 0 2.13347 1 0
1.129 5.04 0 0 2.13347 1 0
1.131 5.04 0 0 2.13347 1 0
1.133 5.04 0 0 2.13347 1 0
1.135 5.04 0 0 2.13347 1 0
1.137 5.04 0 0 2.13347 1 0
1.139 5.04 0 0 2.13347 1 0
1.141 5.04 0 0 2.13347 1 0
1.143 5.04 0 0 2.13347 1 0
1.145 5.04 0 0 2.13347 1 0
1.147 5.04 0 0 2.13347 1 0
1.149 5.04 0 0 2.13347 1 0
1.151 5.04 0 0 2.13347 1 0
1.153 5.04 0 0 2.13347 1 0
1.155 5.04 0 0 2.13347 1 0
1.157 5.04 0 0 2.13347 1 0
1.159 5.04 0 0 2.13347 1 0
1.161 5.04 0 0 2.13347 1 0
1.163 5.04 0 0 2.13347 1 0
1.165 5.04 0 0 2.13347 1 0
1.167 5.04 0 0 2.13347 1 0
1.169 5.04 0 0 2.13347 1 0
1.171 5.04 0 0 2.13347 1 0
1.173 5.04 0 0 2.13347 1 0
1.175 5.04 0 0 2.13347 1 0
1.177 5.04 0 0 2.13347 1 0
1.179 5.04 0 0 2.13347 1 0
1.181 5.04 0 0 2.13347 1 0
1.183 5.04 0 0 2.13347 1 0
1.185 5.04 0 0 2.13347 1 0
1.187 5.04 0 0 2.13347 1 0
1.189 5.04 0 0 2.13347 1 0
1.191 5.04 0 0 2.13347 1 0
1.193 5.04 0 0 2.13347 1 0
1.195 5.04 0 0 2.13347 1 0
1.197 5.04 0 0 2.13347 1 0
1.199 5.04 0 0 2.13347 1 0
1.201 5.04 0 0 2.13347 1 0
1.203 5.04 0 0 2.13347 1 0
1.205 5.04 0 0 2.13347 1 0
1.207 5.04 0 0 2.13347 1 0
1.209 5.04 0 0 2.13347 1 0
1.211 5.04 0 0 2.13347 1 0
1.213 5.04 0 0 2.13347 1 0
1.215 5.04 0 0 2.13347 1 0
1.217 5.04 0 0 2.13347 1 0
1.219 5.04 0 0 2.13347 1 0
1.221 5.04 0 0 2.13347 1 0
1.223 5.04 0 0 2.13347 1 0
1.225 5.04 0 0 2.13347 1 0
1.227 5.04 0 0 2.13347 1 0
1.229 5.04 0 0 2.13347 1 0
1.231 5.04 0 0 2.13347 1 0
1.233 5.04 0 0 2.13347 1 0
1.235 5.04 0 0 2.13347 1 0
1.237 5.04 0 0 2.13347 1 0
1.239 5.04 0 0 2.13347 1 0
1.241 5.04 0 0 2.13347 1 0
1.243 5.04 0 0 2.13347 1 0
1.245 5.04 0 0 2.13347 1 0
1.247 5.04 0 0 2.13347 1 0
1.249 5.04 0 0 2.13347 1 0
1.251 5.04 0 0 2.13347 1 0
1.253 5.04 0 0 2.13347 1 0
1.255 5.04 0 0 2.13347 1 0
1.257 5.04 0 0 2.13347 1 0
1.259 5.04 0 0 2.13347 1 0
1.261 5.04 0 0 2.13347 1 0
1.263 5.04 0 0 2.13347 1 0
1.265 5.04 0 0 2.13347 1 0
1.267 5.04 0 0 2.13347 1 0
1.269 5.04 0 0 2.13347 1 0
1.271 5.04 0 0 2.13347 1 0
1.273 5.04 0 0 2.13347 1 0
1.275 5.04 0 0 2.13347 1 0
1.277 5.04 0 0 2.13347 1 0
1.279 5.04 0 0 2.13347 1 0
1.281 5.04 0 0 2.13347 1 0
1.283 5.04 0 0 2.13347 1 0
1.285 5.04 0 0 2.13347 1 0
1.287 5.04 0 0 2.13347 1 0
1.289 5.04 0 0 2.13347 1 0
1.291 5.04 0 0 2.13347 1 0
1.293 5.04 0 0 2.13347 1 0
1.295 5.04 0 0 2.13347 1 0
1.297 5.04 0 0 2.13347 1 0
1.299 5.04 0 0 2.13347 1 0
1.301 5.04 0 0 2.13347 1 0
1.303 5.04 0 0 2.13347 1 0
1.305 5.04 0 0 2.13347 1 0
1.307 5.04 0 0 2.13347 1 0
1.309 5.04 0 0 2.13347 1 0
1.311 5.04 0 0 2.13347 1 0
1.313 5.04 0 0 2.13347 1 0
1.315 5.04 0 0 2.13347 1 0
1.317 5.04 0 0 2.13347 1 0
1.319 5.04 0 0 2.13347 1 0
1.321 5.04 0 0 2.13347 1 0
1.323 5.04 0 0 2.13347 1 0
1.325 5.04 0 0 2.13347 1 0
1.327 5.04 0 0 2.13347 1 0
1.329 5.04 0 0 2.13347 1 0
1.331 5.04 0 0 2.13347 1 0
1.333 5.04 0 0 2.13347 1 0
1.335 5.04 0 0 2.13347 1 0
1.337 5.04 0 0 2.13347 1 0
1.339 5.04 0 0 2.13347 1 0
1.341 5.04 0 0 2.13347 1 0
1.343 5.04 0 0 2.13347 1 0
1.345 5.04 0 0 2.13347 1 0
1.347 5.04 0 0 2.13347 1 0
1.349 5.04 0 0 2.13347 1 0
1.351 5.04 0 0 2.13347 1 0
1.353 5.04 0 0 2.13347 1 0
1.355 5.04 0 0 2.13347 1 0
1.357 5.04 0 0 2.13347 1 0
1.359 5.04 0 0 2.13347 1 0
1.361 5.04 0 0 2.13347 1 0
1.363 5.04 0 0 2.13347 1 0
1.365 5.04 0 0 2.13347 1 0
1.367 5.04 0 0 2.13347 1 0
1.369 5.04 0 0 2.13347 1 0
1.371 5.04 0 0 2.13347 1 0
1.373 5.04 0 0 2.13347 1 0
1.375 5.04 0 0 2.13347 1 0
1.377 5.04 0 0 2.13347 1 0
1.379 5.04 0 0 2.13347 1 0
1.381 5.04 0 0 2.13347 1 0
1.383 5.04 0 0 2.13347 1 0
1.385 5.04 0 0 2.13347 1 0
1.387 5.04 0 0 2.13347 1 0
1.389 5.04 0 0 2.13347 1 0
1.391 5.04 0 0 2.13347 1 0
1.393 5.04 0 0 2.13347 1 0
1.395 5.04 0 0 2.13347 1 0
1.397 5.04 0 0 2.13347 1 0
1.399 5.04 0 0 2.13347 1 0
1.401 5.04 0 0 2.13347 1 0
1.403 5.04 0 0 2.13347 1 0
1.405 5.04 0 0 2.13347 1 0
1.407 5.04 0 0 2.13347 1 0
1.409 5.04 0 0 2.13347 1 0
1.411 5.04 0 0 2.13347 1 0
1.413 5.04 0 0 2.13347 1 0
1.415 5.04 0 0 2.13347 1 0
1.417 5.04 0 0 2.13347 1 0
1.419 5.04 0 0 2.13347 1 0
1.421 5.04 0 0 2.13347 1 0
1.423 5.04 0 0 2.13347 1 0
1.425 5.04 0 0 2.13347 1 0
1.427 5.04 0 0 2.13347 1 0
1.429 5.04 0 0 2.13347 1 0
1.431 5.04 0 0 2.13347 1 0
1.433 5.04 0 0 2.13347 1 0
1.435 5.04 0 0 2.13347 1 0
1.437 5.04 0 0 2.13347 1 0
1.439 5.04 0 0 2.13347 1 0
1.441 5.04 0 0 2.13347 1 0
1.443 5.04 0 0 2.13347 1 0
1.445 5.04 0 0 2.13347 1 0
1.447 5.04 0 0 2.13347 1 0
1.449 5.04 0 0 2.13347 1 0
1.451 5.04 0 0 2.13347 1 0
1.453 5.04 0 0 2.13347 1 0
1.455 5.04 0 0 2.13347 1 0
1.457 5.04 0 0 2.13347 1 0
1.459 5.04 0 0 2.13347 1 0
1.461 5.04 0 0 2.13347 1 0
1.463 5.04 0 0 2.13347 1 0
1.465 5.04 0 0 2.13347 1 0
1.467 5.04 0 0 2.13347 1 0
1.469 5.04 0 0 2.13347 1 0
1.471 5.04 0 0 2.13347 1 0
1.473 5.04 0 0 2.13347 1 0
1.475 5.04 0 0 2.13347 1 0
1.477 5.04 0 0 2.13347 1 0
1.479 5.04 0 0 2.13347 1 0
1.481 5.04 0 0 2.13347 1 0
1.483 5.04 0 0 2.13347 1 0
1.485 5.04 0 0 2.13347 1 0
1.487 5.04 0 0 2.13347 1 0
1.489 5.04 0 0 2.13347 1 0
1.491 5.04 0 0 2.13347 1 0
1.493 5.04 0 0 2.13347 1 0
1.495 5.04 0 0 2.13347 1 0
1.497 5.04 0 0 2.13347 1 0
1.499 5.04 0 0 2.13347 1 0
1.501 5.04 0 0 2.13347 1 0
1.503 5.04 0 0 2.13347 1 0
1.505 5.04 0 0 2.13347 1 0
1.507 5.04 0 0 2.13347 1 0
1.509 5.04 0 0 2.13347 1 0
1.511 5.04 0 0 2.13347 1 0
1.513 5.04 0 0 2.13347 1 0
1.515 5.04 0 0 2.13347 1 0
1.517 5.04 0 0 2.13347 1 0
1.519 5.04 0 0 2.13347 1 0
1.521 5.04 0 0 2.13347 1 0
1.523 5.04 0 0 2.13347 1 0
1.525 5.04 0 0 2.13347 1 0
1.527 5.04 0 0 2.13347 1 0
1.529 5.04 0 0 2.13347 1 0
1.531 5.04 0 0 2.13347 1 0
1.533 5.04 0 0 2.13347 1 0
1.535 5.04 0 0 2.13347 1 0
1.537 5.04 0 0 2.13347 1 0
1.539 5.04 0 0 2.13347 1 0
1.541 5.04 0 0 2.13347 1 0
1.543 5.04 0 0 2.13347 1 0
1.545 5.04 0 0 2.13347 1 0
1.547 5.04 0 0 2.13347 1 0
1.549 5.04 0 0 2.13347 1 0
1.551 5.04 0 0 2.13347 1 0
1.553 5.04 0 0 2.13347 1 0
1.555 5.04 0 0 2.13347 1 0
1.557 5.04 0 0 2.13347 1 0
1.559 5.04 0 0 2.13347 1 0
1.561 5.04 0 0 2.13347 1 0
1.563 5.04 0 0 2.13347 1 0
1.565 5.04 0 0 2.13347 1 0
1.567 5.04 0 0 2.13347 1 0
1.569 5.04 0 0 2.13347 1 0
1.571 5.04 0 0 2.13347 1 0
1.573 5.04 0 0 2.13347 1 0
1.575 5.04 0 0 2.13347 1 0
1.577 5.04 0 0 2.13347 1 0
1.579 5.04 0 0 2.13347 1 0
1.581 5.04 0 0 2.13347 1 0
1.583 5.04 0 0 2.13347 1 0
1.585 5.04 0 0 2.13347 1 0
1.587 5.04 0 0 2.13347 1 0
1.589 5.04 0 0 2.13347 1 0
1.591 5.04 0 0 2.13347 1 0
1.593 5.04 0 0 2.13347 1 0
1.595 5.04 0 0 2.13347 1 0
1.597 5.04 0 0 2.13347 1 0
1.599 5.04 0 0 2.13347 1 0
1.601 5.04 0 0 2.13347 1 0
1.603 5.04 0 0 2.13347 1 0
1.605 5.04 0 0 2.13347 1 0
1.607 5.04 0 0 2.13347 1 0
1.609 5.04 0 0 2.13347 1 0
1.611 5.04 0 0 2.13347 1 0
1.613 5.04 0 0 2.13347 1 0
1.615 5.04 0 0 2.13347 1 0
1.617 5.04 0 0 2.13347 1 0
1.619 5.04 0 0 2.13347 1 0
1.621 5.04 0 0 2.13347 1 0
1.623 5.04 0 0 2.13347 1 0
1.625 5.04 0 0 2.13347 1 0
1.627 5.04 0 0 2.13347 1 0
1.629 5.04 0 0 2.13347 1 0
1.631 5.04 0 0 2.13347 1 0
1.633 5.04 0 0 2.13347 1 0
1.635 5.04 0 0 2.13347 1 0
1.637 5.04 0 0 2.13347 1 0
1.639 5.04 0 0 2.13347 1 0
1.641 5.04 0 0 2.13347 1 0
1.643 5.04 0 0 2.13347 1 0
1.645 5.04 0 0 2.13347 1 0
1.647 5.04 0 0 2.13347 1 0
1.649 5.04 0 0 2.13347 1 0
1.651 5.04 0 0 2.13347 1 0
1.653 5.04 0 0 2.13347 1 0
1.655 5.04 0 0 2.13347 1 0
1.657 5.04 0 0 2.13347 1 0
1.659 5.04 0 0 2.13347 1 0
1.661 5.04 0 0 2.13347 1 0
1.663 5.04 0 0 2.13347 1 0
1.665 5.04 0 0 2.13347 1 0
1.667 5.04 0 0 2.13347 1 0
1.669 5.04 0 0 2.13347 1 0
1.671 5.04 0 0 2.13347 1 0
1.673 5.04 0 0 2.13347 1 0
1.675 5.04 0 0 2.13347 1 0
1.677 5.04 0 0 2.13347 1 0
1.679 5.04 0 0 2.13347 1 0
1.681 5.04 0 0 2.13347 1 0
1.683 5.04 0 0 2.13347 1 0
1.685 5.04 0 0 2.13347 1 0
1.687 5.04 0 0 2.13347 1 0
1.689 5.04 0 0 2.13347 1 0
1.691 5.04 0 0 2.13347 1 0
1.693 5.04 0 0 2.13347 1 0
1.695 5.04 0 0 2.13347 1 0
1.697 5.04 0 0 2.13347 1 0
1.699 5.04 0 0 2.13347 1 0
1.701 5.04 0 0 2.13347 1 0
1.703 5.04 0 0 2.13347 1 0
1.705 5.04 0 0 2.13347 1 0
1.707 5.04 0 0 2.13347 1 0
1.709 5.04 0 0 2.13347 1 0
1.711 5.04 0 0 2.13347 1 0
1.713 5.04 0 0 2.13347 1 0
1.715 5.04 0 0 2.13347 1 0
1.717 5.04 0 0 2.13347 1 0
1.719 5.04 0 0 2.13347 1 0
1.721 5.04 0 0 2.13347 1 0
1.723 5.04 0 0 2.13347 1 0
1.725 5.04 0 0 2.13347 1 0
1.727 5.04 0 0 2.13347 1 0
1.729 5.04 0 0 2.13347 1 0
1.731 5.04 0 0 2.13347 1 0
1.733 5.04 0 0 2.13347 1 0
1.735 5.04 0 0 2.13347 1 0
1.737 5.04 0 0 2.13347 1 0
1.739 5.04 0 0 2.13347 1 0
1.741 5.04 0 0 2.13347 1 0
1.743 5.04 0 0 2.13347 1 0
1.745 5.04 0 0 2.13347 1 0
1.747 5.04 0 0 2.13347 1 0
1.749 5.04 0 0 2.13347 1 0
1.751 5.04 0 0 2.13347 1 0
1.753 5.04 0 0 2.13347 1 0
1.755 5.04 0 0 2.13347 1 0
1.757 5.04 0 0 2.13347 1 0
1.759 5.04 0 0 2.13347 1 0
1.761 5.04 0 0 2.13347 1 0
1.763 5.04 0 0 2.13347 1 0
1.765 5.04 0 0 2.13347 1 0
1.767 5.04 0 0 2.13347 1 0
1.769 5.04 0 0 2.13347 1 0
1.771 5.04 0 0 2.13347 1 0
1.773 5.04 0 0 2.13347 1 0
1.775 5.04 0 0 2.13347 1 0
1.777 5.04 0 0 2.13347 1 0
1.779 5.04 0 0 2.13347 1 0
1.781 5.04 0 0 2.13347 1 0
1.783 5.04 0 0 2.13347 1 0
1.785 5.04 0 0 2.13347 1 0
1.787 5.04 0 0 2.13347 1 0
1.789 5.04 0 0 2.13347 1 0
1.791 5.04 0 0 2.13347 1 0
1.793 5.04 0 0 2.13347 1 0
1.795 5.04 0 0 2.13347 1 0
1.797 5.04 0 0 2.13347 1 0
1.799 5.04 0 0 2.13347 1 0
1.801 5.04 0 0 2.13347 1 0
1.803 5.04 0 0 2.13347 1 0
1.805 5.04 0 0 2.13347 1 0
1.807 5.04 0 0 2.13347 1 0
1.809 5.04 0 0 2.13347 1 0
1.811 5.04 0 0 2.13347 1 0
1.813 5.04 0 0 2.13347 1 0
1.815 5.04 0 0 2.13347 1 0
1.817 5.04 0 0 2.13347 1 0
1.819 5.04 0 0 2.13347 1 0
1.821 5.04 0 0 2.13347 1 0
1.823 5.04 0 0 2.13347 1 0
1.825 5.04 0 0 2.13347 1 0
1.827 5.04 0 0 2.13347 1 0
1.829 5.04 0 0 2.13347 1 0
1.831 5.04 0 0 2.13347 1 0
1.833 5.04 0 0 2.13347 1 0
1.835 5.04 0 0 2.13347 1 0
1.837 5.04 0 0 2.13347 1 0
1.839 5.04 0 0 2.13347 1 0
1.841 5.04 0 0 2.13347 1 0
1.843 5.04 0 0 2.13347 1 0
1.845 5.04 0 0 2.13347 1 0
1.847 5.04 0 0 2.13347 1 0
1.849 5.04 0 0 2.13347 1 0
1.851 5.04 0 0 2.13347 1 0
1.853 5.04 0 0 2.13347 1 0
1.855 5.04 0 0 2.13347 1 0
1.857 5.04 0 0 2.13347 1 0
1.859 5.04 0 0 2.13347 1 0
1.861 5.04 0 0 2.13347 1 0
1.863 5.04 0 0 2.13347 1 0
1.865 5.04 0 0 2.13347 1 0
1.867 5.04 0 0 2.13347 1 0
1.869 5.04 0 0 2.13347 1 0
1.871 5.04 0 0 2.13347 1 0
1.873 5.04 0 0 2.13347 1 0
1.875 5.04 0 0 2.13347 1 0
1.877 5.04 0 0 2.13347 1 0
1.879 5.04 0 0 2.13347 1 0
1.881 5.04 0 0 2.13347 1 0
1.883 5.04 0 0 2.13347 1 0
1.885 5.04 0 0 2.13347 1 0
1.887 5.04 0 0 2.13347 1 0
1.889 5.04 0 0 2.13347 1 0
1.891 5.04 0 0 2.13347 1 0
1.893 5.04 0 0 2.13347 1 0
1.895 5.04 0 0 2.13347 1 0
1.897 5.04 0 0 2.13347 1 0
1.899 5.04 0 0 2.13347 1 0
1.901 5.04 0 0 2.13347 1 0
1.903 5.04 0 0 2.13347 1 0
1.905 5.04 0 0 2.13347 1 0
1.907 5.04 0 0 2.13347 1 0
1.909 5.04 0 0 2.13347 1 0
1.911 5.04 0 0 2.13347 1 0
1.913 5.04 0 0 2.13347 1 0
1.915 5.04 0 0 2.13347 1 0
1.917 5.04 0 0 2.13347 1 0
1.919 5.04 0 0 2.13347 1 0
1.921 5.04 0 0 2.13347 1 0
1.923 5.04 0 0 2.13347 1 0
1.925 5.04 0 0 2.13347 1 0
1.927 5.04 0 0 2.13347 1 0
1.929 5.04 0 0 2.13347 1 0
1.931 5.04 0 0 2.13347 1 0
1.933 5.04 0 0 2.13347 1 0
1.935 5.04 0 0 2.13347 1 0
1.937 5.04 0 0 2.13347 1 0
1.939 5.04 0 0 2.13347 1 0
1.941 5.04 0 0 2.13347 1 0
1.943 5.04 0 0 2.13347 1 0
1.945 5.04 0 0 2.13347 1 0
1.947 5.04 0 0 2.13347 1 0
1.949 5.04 0 0 2.13347 1 0
1.951 5.04 0 0 2.13347 1 0
1.953 5.04 0 0 2.13347 1 0
1.955 5.04 0 0 2.13347 1 0
1.957 5.04 0 0 2.13347 1 0
1.959 5.04 0 0 2.13347 1 0
1.961 5.04 0 0 2.13347 1 0
1.963 5.04 0 0 2.13347 1 0
1.965 5.04 0 0 2.13347 1 0
1.967 5.04 0 0 2.13347 1 0
1.969 5.04 0 0 2.13347 1 0
1.971 5.04 0 0 2.13347 1 0
1.973 5.04 0 0 2.13347 1 0
1.975 5.04 0 0 2.13347 1 0
1.977 5.04 0 0 2.13347 1 0
1.979 5.04 0 0 2.13347 1 0
1.981 5.04 0 0 2.13347 1 0
1.983 5.04 0 0 2.13347 1 0
1.985 5.04 0 0 2.13347 1 0
1.987 5.04 0 0 2.13347 1 0
1.989 5.04 0 0 2.13347 1 0
1.991 5.04 0 0 2.13347 1 0
1.993 5.04 0 0 2.13347 1 0
1.995 5.04 0 0 2.13347 1 0
1.997 5.04 0 0 2.13347 1 0
1.999 5.04 0 0 2.13347 1 0
2.001 5.04 0 0 2.13347 1 0
2.003 5.04 0 0 2.13347 1 0
2.005 5.04 0 0 2.13347 1 0
2.007 5.04 0 0 2.13347 1 0
2.009 5.04 0 0 2.13347 1 0
2.011 5.04 0 0 2.13347 1 0
2.013 5.04 0 0 2.13347 1 0
2.015 5.04 0 0 2.13347 1 0
2.017 5.04 0 0 2.13347 1 0
2.019 5.04 0 0 2.13347 1 0
2.021 5.04 0 0 2.13347 1 0
2.023 5.04 0 0 2.13347 1 0
2.025 5.04 0 0 2.13347 1 0
2.027 5.04 0 0 2.13347 1 0
2.029 5.04 0 0 2.13347 1 0
2.031 5.04 0 0 2.13347 1 0
2.033 5.04 0 0 2.13347 1 0
2.035 5.04 0 0 2.13347 1 0
2.037 5.04 0 0 2.13347 1 0
2.039 5.04 0 0 2.13347 1 0
2.041 5.04 0 0 2.13347 1 0
2.043 5.04 0 0 2.13347 1 0
2.045 5.04 0 0 2.13347 1 0
2.047 5.04 0 0 2.13347 1 0
2.049 5.04 0 0 2.13347 1 0
2.051 5.04 0 0 2.13347 1 0
2.053 5.04 0 0 2.13347 1 0
2.055 5.04 0 0 2.13347 1 0
2.057 5.04 0 0 2.13347 1 0
2.059 5.04 0 0 2.13347 1 0
2.061 5.04 0 0 2.13347 1 0
2.063 5.04 0 0 2.13347 1 0
2.065 5.04 0 0 2.13347 1 0
2.067 5.04 0 0 2.13347 1 0
2.069 5.04 0 0 2.13347 1 0
2.071 5.04 0 0 2.13347 1 0
2.073 5.04 0 0 2.13347 1 0
2.075 5.04 0 0 2.13347 1 0
2.077 5.04 0 0 2.13347 1 0
2.079 5.04 0 0 2.13347 1 0
2.081 5.04 0 0 2.13347 1 0
2.083 5.04 0 0 2.13347 1 0
2.085 5.04 0 0 2.13347 1 0
2.087 5.04 0 0 2.13347 1 0
2.089 5.04 0 0 2.13347 1 0
2.091 5.04 0 0 2.13347 1 0
2.093 5.04 0 0 2.13347 1 0
2.095 5.04 0 0 2.13347 1 0
2.097 5.04 0 0 2.13347 1 0
2.099 5.04 0 0 2.13347 1 0
2.101 5.04 0 0 2.13347 1 0
2.103 5.04 0 0 2.13347 1 0
2.105 5.04 0 0 2.13347 1 0
2.107 5.04 0 0 2.13347 1 0
2.109 5.04 0 0 2.13347 1 0
2.111 5.04 0 0 2.13347 1 0
2.113 5.04 0 0 2.13347 1 0
2.115 5.04 0 0 2.13347 1 0
2.117 5.04 0 0 2.13347 1 0
2.119 5.04 0 0 2.13347 1 0
2.121 5.04 0 0 2.13347 1 0
2.123 5.04 0 0 2.13347 1 0
2.125 5.04 0 0 2.13347 1 0
2.127 5.04 0 0 2.13347 1 0
2.129 5.04 0 0 2.13347 1 0
2.131 5.04 0 0 2.13347 1 0
2.133 5.04 0 0 2.13347 1 0
2.135 5.04 0 0 2.13347 1 0
2.137 5.04 0 0 2.13347 1 0
2.139 5.04 0 0 2.13347 1 0
2.141 5.04 0 0 2.13347 1 0
2.143 5.04 0 0 2.13347 1 0
2.145 5.04 0 0 2.13347 1 0
2.147 5.04 0 0 2.13347 1 0
2.149 5.04 0 0 2.13347 1 0
2.151 5.04 0 0 2.13347 1 0
2.153 5.04 0 0 2.13347 1 0
2.155 5.04 0 0 2.13347 1 0
2.157 5.04 0 0 2.13347 1 0
2.159 5.04 0 0 2.13347 1 0
2.161 5.04 0 0 2.13347 1 0
2.163 5.04 0 0 2.13347 1 0
2.165 5.04 0 0 2.13347 1 0
2.167 5.04 0 0 2.13347 1 0
2.169 5.04 0 0 2.13347 1 0
2.171 5.04 0 0 2.13347 1 0
2.173 5.04 0 0 2.13347 1 0
2.175 5.04 0 0 2.13347 1 0
2.177 5.04 0 0 2.13347 1 0
2.179 5.04 0 0 2.13347 1 0
2.181 5.04 0 0 2.13347 1 0
2.183 5.04 0 0 2.13347 1 0
2.185 5.04 0 0 2.13347 1 0
2.187 5.04 0 0 2.13347 1 0
2.189 5.04 0 0 2.13347 1 0
2.191 5.04 0 0 2.13347 1 0
2.193 5.04 0 0 2.13347 1 0
2.195 5.04 0 0 2.13347 1 0
2.197 5.04 0 0 2.13347 1 0
2.199 5.04 0 0 2.13347 1 0
2.201 5.04 0 0 2.13347 1 0
2.203 5.04 0 0 2.13347 1 0
2.205 5.04 0 0 2.13347 1 0
2.207 5.04 0 0 2.13347 1 0
2.209 5.04 0 0 2.13347 1 0
2.211 5.04 0 0 2.13347 1 0
2.213 5.04 0 0 2.13347 1 0
2.215 5.04 0 0 2.13347 1 0
2.217 5.04 0 0 2.13347 1 0
2.219 5.04 0 0 2.13347 1 0
2.221 5.04 0 0 2.13347 1 0
2.223 5.04 0 0 2.13347 1 0
2.225 5.04 0 0 2.13347 1 0
2.227 5.04 0 0 2.13347 1 0
2.229 5.04 0 0 2.13347 1 0
2.231 5.04 0 0 2.13347 1 0
2.233 5.04 0 0 2.13347 1 0
2.235 5.04 0 0 2.13347 1 0
2.237 5.04 0 0 2.13347 1 0
2.239 5.04 0 0 2.13347 1 0
2.241 5.04 0 0 2.13347 1 0
2.243 5.04 0 0 2.13347 1 0
2.245 5.04 0 0 2.13347 1 0
2.247 5.04 0 0 2.13347 1 0
2.249 5.04 0 0 2.13347 1 0
2.251 5.04 0 0 2.13347 1 0
2.253 5.04 0 0 2.13347 1 0
2.255 5.04 0 0 2.13347 1 0
2.257 5.04 0 0 2.13347 1 0
2.259 5.04 0 0 2.13347 1 0
2.261 5.04 0 0 2.13347 1 0
2.263 5.04 0 0 2.13347 1 0
2.265 5.04 0 0 2.13347 1 0
2.267 5.04 0 0 2.13347 1 0
2.269 5.04 0 0 2.13347 1 0
2.271 5.04 0 0 2.13347 1 0
2.273 5.04 0 0 2.13347 1 0
2.275 5.04 0 0 2.13347 1 0
2.277 5.04 0 0 2.13347 1 0
2.279 5.04 0 0 2.13347 1 0
2.281 5.04 0 0 2.13347 1 0
2.283 5.04 0 0 2.13347 1 0
2.285 5.04 0 0 2.13347 1 0
2.287 5.04 0 0 2.13347 1 0
2.289 5.04 0 0 2.13347 1 0
2.291 5.04 0 0 2.13347 1 0
2.293 5.04 0 0 2.13347 1 0
2.295 5.04 0 0 2.13347 1 0
2.297 5.04 0 0 2.13347 1 0
2.299 5.04 0 0 2.13347 1 0
2.301 5.04 0 0 2.13347 1 0
2.303 5.04 0 0 2.13347 1 0
2.305 5.04 0 0 2.13347 1 0
2.307 5.04 0 0 2.13347 1 0
2.309 5.04 0 0 2.13347 1 0
2.311 5.04 0 0 2.13347 1 0
2.313 5.04 0 0 2.13347 1 0
2.315 5.04 0 0 2.13347 1 0
2.317 5.04 0 0 2.13347 1 0
2.319 5.04 0 0 2.13347 1 0
2.321 5.04 0 0 2.13347 1 0
2.323 5.04 0 0 2.13347 1 0
2.325 5.04 0 0 2.13347 1 0
2.327 5.04 0 0 2.13347 1 0
2.329 5.04 0 0 2.13347 1 0
2.331 5.04 0 0 2.13347 1 0
2.333 5.04 0 0 2.13347 1 0
2.335 5.04 0 0 2.13347 1 0
2.337 5.04 0 0 2.13347 1 0
2.339 5.04 0 0 2.13347 1 0
2.341 5.04 0 0 2.13347 1 0
2.343 5.04 0 0 2.13347 1 0
2.345 5.04 0 0 2.13347 1 0
2.347 5.04 0 0 2.13347 1 0
2.349 5.04 0 0 2.13347 1 0
2.351 5.04 0 0 2.13347 1 0
2.353 5.04 0 0 2.13347 1 0
2.355 5.04 0 0 2.13347 1 0
2.357 5.04 0 0 2.13347 1 0
2.359 5.04 0 0 2.13347 1 0
2.361 5.04 0 0 2.13347 1 0
2.363 5.04 0 0 2.13347 1 0
2.365 5.04 0 0 2.13347 1 0
2.367 5.04 0 0 2.13347 1 0
2.369 5.04 0 0 2.13347 1 0
2.371 5.04 0 0 2.13347 1 0
2.373 5.04 0 0 2.13347 1 0
2.375 5.04 0 0 2.13347 1 0
2.377 5.04 0 0 2.13347 1 0
2.379 5.04 0 0 2.13347 1 0
2.381 5.04 0 0 2.13347 1 0
2.383 5.04 0 0 2.13347 1 0
2.385 5.04 0 0 2.13347 1 0
2.387 5.04 0 0 2.13347 1 0
2.389 5.04 0 0 2.13347 1 0
2.391 5.04 0 0 2.13347 1 0
2.393 5.04 0 0 2.13347 1 0
2.395 5.04 0 0 2.13347 1 0
2.397 5.04 0 0 2.13347 1 0
2.399 5.04 0 0 2.13347 1 0
2.401 5.04 0 0 2.13347 1 0
2.403 5.04 0 0 2.13347 1 0
2.405 5.04 0 0 2.13347 1 0
2.407 5.04 0 0 2.13347 1 0
2.409 5.04 0 0 2.13347 1 0
2.411 5.04 0 0 2.13347 1 0
2.413 5.04 0 0 2.13347 1 0
2.415 5.04 0 0 2.13347 1 0
2.417 5.04 0 0 2.13347 1 0
2.419 5.04 0 0 2.13347 1 0
2.421 5.04 0 0 2.13347 1 0
2.423 5.04 0 0 2.13347 1 0
2.425 5.04 0 0 2.13347 1 0
2.427 5.04 0 0 2.13347 1 0
2.429 5.04 0 0 2.13347 1 0
2.431 5.04 0 0 2.13347 1 0
2.433 5.04 0 0 2.13347 1 0
2.435 5.04 0 0 2.13347 1 0
2.437 5.04 0 0 2.13347 1 0
2.439 5.04 0 0 2.13347 1 0
2.441 5.04 0 0 2.13347 1 0
2.443 5.04 0 0 2.13347 1 0
2.445 5.04 0 0 2.13347 1 0
2.447 5.04 0 0 2.13347 1 0
2.449 5.04 0 0 2.13347 1 0
2.451 5.04 0 0 2.13347 1 0
2.453 5.04 0 0 2.13347 1 0
2.455 5.04 0 0 2.13347 1 0
2.457 5.04 0 0 2.13347 1 0
2.459 5.04 0 0 2.13347 1 0
2.461 5.04 0 0 2.13347 1 0
2.463 5.04 0 0 2.13347 1 0
2.465 5.04 0 0 2.13347 1 0
2.467 5.04 0 0 2.13347 1 0
2.469 5.04 0 0 2.13347 1 0
2.471 5.04 0 0 2.13347 1 0
2.473 5.04 0 0 2.13347 1 0
2.475 5.04 0 0 2.13347 1 0
2.477 5.04 0 0 2.13347 1 0
2.479 5.04 0 0 2.13347 1 0
2.481 5.04 0 0 2.13347 1 0
2.483 5.04 0 0 2.13347 1 0
2.485 5.04 0 0 2.13347 1 0
2.487 5.04 0 0 2.13347 1 0
2.489 5.04 0 0 2.13347 1 0
2.491 5.04 0 0 2.13347 1 0
2.493 5.04 0 0 2.13347 1 0
2.495 5.04 0 0 2.13347 1 0
2.497 5.04 0 0 2.13347 1 0
2.499 5.04 0 0 2.13347 1 0
2.501 5.04 0 0 2.13347 1 0
2.503 5.04 0 0 2.13347 1 0
2.505 5.04 0 0 2.13347 1 0
2.507 5.04 0 0 2.13347 1 0
2.509 5.04 0 0 2.13347 1 0
2.511 5.04 0 0 2.13347 1 0
2.513 5.04 0 0 2.13347 1 0
2.515 5.04 0 0 2.13347 1 0
2.517 5.04 0 0 2.13347 1 0
2.519 5.04 0 0 2.13347 1 0
2.521 5.04 0 0 2.13347 1 0
2.523 5.04 0 0 2.13347 1 0
2.525 5.04 0 0 2.13347 1 0
2.527 5.04 0 0 2.13347 1 0
2.529 5.04 0 0 2.13347 1 0
2.531 5.04 0 0 2.13347 1 0
2.533 5.04 0 0 2.13347 1 0
2.535 5.04 0 0 2.13347 1 0
2.537 5.04 0 0 2.13347 1 0
2.539 5.04 0 0 2.13347 1 0
2.541 5.04 0 0 2.13347 1 0
2.543 5.04 0 0 2.13347 1 0
2.545 5.04 0 0 2.13347 1 0
2.547 5.04 0 0 2.13347 1 0
2.549 5.04 0 0 2.13347 1 0
2.551 5.04 0 0 2.13347 1 0
2.553 5.04 0 0 2.13347 1 0
2.555 5.04 0 0 2.13347 1 0
2.557 5.04 0 0 2.13347 1 0
2.559 5.04 0 0 2.13347 1 0
2.561 5.04 0 0 2.13347 1 0
2.563 5.04 0 0 2.13347 1 0
2.565 5.04 0 0 2.13347 1 0
2.567 5.04 0 0 2.13347 1 0
2.569 5.04 0 0 2.13347 1 0
2.571 5.04 0 0 2.13347 1 0
2.573 5.04 0 0 2.13347 1 0
2.575 5.04 0 0 2.13347 1 0
2.577 5.04 0 0 2.13347 1 0
2.579 5.04 0 0 2.13347 1 0
2.581 5.04 0 0 2.13347 1 0
2.583 5.04 0 0 2.13347 1 0
2.585 5.04 0 0 2.13347 1 0
2.587 5.04 0 0 2.13347 1 0
2.589 5.04 0 0 2.13347 1 0
2.591 5.04 0 0 2.13347 1 0
2.593 5.04 0 0 2.13347 1 0
2.595 5.04 0 0 2.13347 1 0
2.597 5.04 0 0 2.13347 1 0
2.599 5.04 0 0 2.13347 1 0
2.601 5.04 0 0 2.13347 1 0
2.603 5.04 0 0 2.13347 1 0
2.605 5.04 0 0 2.13347 1 0
2.607 5.04 0 0 2.13347 1 0
2.609 5.04 0 0 2.13347 1 0
2.611 5.04 0 0 2.13347 1 0
2.613 5.04 0 0 2.13347 1 0
2.615 5.04 0 0 2.13347 1 0
2.617 5.04 0 0 2.13347 1 0
2.619 5.04 0 0 2.13347 1 0
2.621 5.04 0 0 2.13347 1 0
2.623 5.04 0 0 2.13347 1 0
2.625 5.04 0 0 2.13347 1 0
2.627 5.04 0 0 2.13347 1 0
2.629 5.04 0 0 2.13347 1 0
2.631 5.04 0 0 2.13347 1 0
2.633 5.04 0 0 2.13347 1 0
2.635 5.04 0 0 2.13347 1 0
2.637 5.04 0 0 2.13347 1 0
2.639 5.04 0 0 2.13347 1 0
2.641 5.04 0 0 2.13347 1 0
2.643 5.04 0 0 2.13347 1 0
2.645 5.04 0 0 2.13347 1 0
2.647 5.04 0 0 2.13347 1 0
2.649 5.04 0 0 2.13347 1 0
2.651 5.04 0 0 2.13347 1 0
2.653 5.04 0 0 2.13347 1 0
2.655 5.04 0 0 2.13347 1 0
2.657 5.04 0 0 2.13347 1 0
2.659 5.04 0 0 2.13347 1 0
2.661 5.04 0 0 2.13347 1 0
2.663 5.04 0 0 2.13347 1 0
2.665 5.04 0 0 2.13347 1 0
2.667 5.04 0 0 2.13347 1 0
2.669 5.04 0 0 2.13347 1 0
2.671 5.04 0 0 2.13347 1 0
2.673 5.04 0 0 2.13347 1 0
2.675 5.04 0 0 2.13347 1 0
2.677 5.04 0 0 2.13347 1 0
2.679 5.04 0 0 2.13347 1 0
2.681 5.04 0 0 2.13347 1 0
2.683 5.04 0 0 2.13347 1 0
2.685 5.04 0 0 2.13347 1 0
2.687 5.04 0 0 2.13347 1 0
2.689 5.04 0 0 2.13347 1 0
2.691 5.04 0 0 2.13347 1 0
2.693 5.04 0 0 2.13347 1 0
2.695 5.04 0 0 2.13347 1 0
2.697 5.04 0 0 2.13347 1 0
2.699 5.04 0 0 2.13347 1 0
2.701 5.04 0 0 2.13347 1 0
2.703 5.04 0 0 2.13347 1 0
2.705 5.04 0 0 2.13347 1 0
2.707 5.04 0 0 2.13347 1 0
2.709 5.04 0 0 2.13347 1 0
2.711 5.04 0 0 2.13347 1 0
2.713 5.04 0 0 2.13347 1 0
2.715 5.04 0 0 2.13347 1 0
2.717 5.04 0 0 2.13347 1 0
2.719 5.04 0 0 2.13347 1 0
2.721 5.04 0 0 2.13347 1 0
2.723 5.04 0 0 2.13347 1 0
2.725 5.04 0 0 2.13347 1 0
2.727 5.04 0 0 2.13347 1 0
2.729 5.04 0 0 2.13347 1 0
2.731 5.04 0 0 2.13347 1 0
2.733 5.04 0 0 2.13347 1 0
2.735 5.04 0 0 2.13347 1 0
2.737 5.04 0 0 2.13347 1 0
2.739 5.04 0 0 2.13347 1 0
2.741 5.04 0 0 2.13347 1 0
2.743 5.04 0 0 2.13347 1 0
2.745 5.04 0 0 2.13347 1 0
2.747 5.04 0 0 2.13347 1 0
2.749 5.04 0 0 2.13347 1 0
2.751 5.04 0 0 2.13347 1 0
2.753 5.04 0 0 2.13347 1 0
2.755 5.04 0 0 2.13347 1 0
2.757 5.04 0 0 2.13347 1 0
2.759 5.04 0 0 2.13347 1 0
2.761 5.04 0 0 2.13347 1 0
2.763 5.04 0 0 2.13347 1 0
2.765 5.04 0 0 2.13347 1 0
2.767 5.04 0 0 2.13347 1 0
2.769 5.04 0 0 2.13347 1 0
2.771 5.04 0 0 2.13347 1 0
2.773 5.04 0 0 2.13347 1 0
2.775 5.04 0 0 2.13347 1 0
2.777 5.04 0 0 2.13347 1 0
2.779 5.04 0 0 2.13347 1 0
2.781 5.04 0 0 2.13347 1 0
2.783 5.04 0 0 2.13347 1 0
2.785 5.04 0 0 2.13347 1 0
2.787 5.04 0 0 2.13347 1 0
2.789 5.04 0 0 2.13347 1 0
2.791 5.04 0 0 2.13347 1 0
2.793 5.04 0 0 2.13347 1 0
2.795 5.04 0 0 2.13347 1 0
2.797 5.04 0 0 2.13347 1 0
2.799 5.04 0 0 2.13347 1 0
2.801 5.04 0 0 2.13347 1 0
2.803 5.04 0 0 2.13347 1 0
2.805 5.04 0 0 2.13347 1 0
2.807 5.04 0 0 2.13347 1 0
2.809 5.04 0 0 2.13347 1 0
2.811 5.04 0 0 2.13347 1 0
2.813 5.04 0 0 2.13347 1 0
2.815 5.04 0 0 2.13347 1 0
2.817 5.04 0 0 2.13347 1 0
2.819 5.04 0 0 2.13347 1 0
2.821 5.04 0 0 2.13347 1 0
2.823 5.04 0 0 2.13347 1 0
2.825 5.04 0 0 2.13347 1 0
2.827 5.04 0 0 2.13347 1 0
2.829 5.04 0 0 2.13347 1 0
2.831 5.04 0 0 2.13347 1 0
2.833 5.04 0 0 2.13347 1 0
2.835 5.04 0 0 2.13347 1 0
2.837 5.04 0 0 2.13347 1 0
2.839 5.04 0 0 2.13347 1 0
2.841 5.04 0 0 2.13347 1 0
2.843 5.04 0 0 2.13347 1 0
2.845 5.04 0 0 2.13347 1 0
2.847 5.04 0 0 2.13347 1 0
2.849 5.04 0 0 2.13347 1 0
2.851 5.04 0 0 2.13347 1 0
2.853 5.04 0 0 2.13347 1 0
2.855 5.04 0 0 2.13347 1 0
2.857 5.04 0 0 2.13347 1 0
2.859 5.04 0 0 2.13347 1 0
2.861 5.04 0 0 2.13347 1 0
2.863 5.04 0 0 2.13347 1 0
2.865 5.04 0 0 2.13347 1 0
2.867 5.04 0 0 2.13347 1 0
2.869 5.04 0 0 2.13347 1 0
2.871 5.04 0 0 2.13347 1 0
2.873 5.04 0 0 2.13347 1 0
2.875 5.04 0 0 2.13347 1 0
2.877 5.04 0 0 2.13347 1 0
2.879 5.04 0 0 2.13347 1 0
2.881 5.04 0 0 2.13347 1 0
2.883 5.04 0 0 2.13347 1 0
2.885 5.04 0 0 2.13347 1 0
2.887 5.04 0 0 2.13347 1 0
2.889 5.04 0 0 2.13347 1 0
2.891 5.04 0 0 2.13347 1 0
2.893 5.04 0 0 2.13347 1 0
2.895 5.04 0 0 2.13347 1 0
2.897 4.1916 0 0 2.15183 1 0.21
2.899 1.1212 0 0 2.45057 1 0.97
2.901 1 0 0 2.5 1 1
2.903 1 0 0 2.5 1 1
2.905 1 0 0 2.5 1 1
2.907 1 0 0 2.5 1 1
2.909 1 0 0 2.5 1 1
2.911 1 0 0 2.5 1 1
2.913 1 0 0 2.5 1 1
2.915 1 0 0 2.5 1 1
2.917 1 0 0 2.5 1 1
2.919 1 0 0 2.5 1 1
2.921 1 0 0 2.5 1 1
2.923 1 0 0 2.5 1 1
2.925 1 0 0 2.5 1 1
2.927 1 0 0 2.5 1 1
2.929 1 0 0 2.5 1 1
2.931 1 0 0 2.5 1 1
2.933 1 0 0 2.5 1 1
2.935 1 0 0 2.5 1 1
2.937 1 0 0 2.5 1 1
2.939 1 0 0 2.5 1 1
2.941 1 0 0 2.5 1 1
2.943 1 0 0 2.5 1 1
2.945 1 0 0 2.5 1 1
2.947 1 0 0 2.5 1 1
2.949 1 0 0 2.5 1 1
2.951 1 0 0 2.5 1 1
2.953 1 0 0 2.5 1 1
2.955 1 0 0 2.5 1 1
2.957 1 0 0 2.5 1 1
2.959 1 0 0 2.5 1 1
2.961 1 0 0 2.5 1 1
2.963 1 0 0 2.5 1 1
2.965 1 0 0 2.5 1 1
2.967 1 0 0 2.5 1 1
2.969 1 0 0 2.5 1 1
2.971 1 0 0 2.5 1 1
2.973 1 0 0 2.5 1 1
2.975 1 0 0 2.5 1 1
2.977 1 0 0 2.5 1 1
2.979 1 0 0 2.5 1 1
2.981 1 0 0 2.5 1 1
2.983 1 0 0 2.5 1 1
2.985 1 0 0 2.5 1 1
2.987 1 0 0 2.5 1 1
2.989 1 0 0 2.5 1 1
2.991 1 0 0 2.5 1 1
2.993 1 0 0 2.5 1 1
2.995 1 0 0 2.5 1 1
2.997 1 0 0 2.5 1 1
2.999 1 0 0 2.5 1 1
3.001 1 0 0 2.5 1 1
3.003 1 0 0 2.5 1 1
3.005 1 0 0 2.5 1 1
3.007 1 0 0 2.5 1 1
3.009 1 0 0 2.5 1 1
3.011 1 0 0 2.5 1 1
3.013 1 0 0 2.5 1 1
3.015 1 0 0 2.5 1 1
3.017 1 0 0 2.5 1 1
3.019 1 0 0 2.5 1 1
3.021 1 0 0 2.5 1 1
3.023 1 0 0 2.5 1 1
3.025 1 0 0 2.5 1 1
3.027 1 0 0 2.5 1 1
3.029 1 0 0 2.5 1 1
3.031 1 0 0 2.5 1 1
3.033 1 0 0 2.5 1 1
3.035 1 0 0 2.5 1 1
3.037 1 0 0 2.5 1 1
3.039 1 0 0 2.5 1 1
3.041 1 0 0 2.5 1 1
3.043 1 0 0 2.5 1 1
3.045 1 0 0 2.5 1 1
3.047 1 0 0 2.5 1 1
3.049 1 0 0 2.5 1 1
3.051 1 0 0 2.5 1 1
3.053 1 0 0 2.5 1 1
3.055 1 0 0 2.5 1 1
3.057 1 0 0 2.5 1 1
3.059 1 0 0 2.5 1 1
3.061 1 0 0 2.5 1 1
3.063 1 0 0 2.5 1 1
3.065 1 0 0 2.5 1 1
3.067 1 0 0 2.5 1 1
3.069 1 0 0 2.5 1 1
3.071 1 0 0 2.5 1 1
3.073 1 0 0 2.5 1 1
3.075 1 0 0 2.5 1 1
3.077 1 0 0 2.5 1 1
3.079 1 0 0 2.5 1 1
3.081 1 0 0 2.5 1 1
3.083 1 0 0 2.5 1 1
3.085 1 0 0 2.5 1 1
3.087 1 0 0 2.5 1 1
3.089 1 0 0 2.5 1 1
3.091 1 0 0 2.5 1 1
3.093 1 0 0 2.5 1 1
3.095 1 0 0 2.5 1 1
3.097 1 0 0 2.5 1 1
3.099 1 0 0 2.5 1 1
3.101 1 0 0 2.5 1 1
3.103 1 0 0 2.5 1 1
3.105 1 0 0 2.5 1 1
3.107 1 0 0 2.5 1 1
3.109 1 0 0 2.5 1 1
3.111 1 0 0 2.5 1 1
3.113 1 0 0 2.5 1 1
3.115 1 0 0 2.5 1 1
3.117 1 0 0 2.5 1 1
3.119 1 0 0 2.5 1 1
3.121 1 0 0 2.5 1 1
3.123 1 0 0 2.5 1 1
3.125 1 0 0 2.5 1 1
3.127 1 0 0 2.5 1 1
3.129 1 0 0 2.5 1 1
3.131 1 0 0 2.5 1 1
3.133 1 0 0 2.5 1 1
3.135 1 0 0 2.5 1 1
3.137 1 0 0 2.5 1 1
3.139 1 0 0 2.5 1 1
3.141 1 0 0 2.5 1 1
3.143 1 0 0 2.5 1 1
3.145 1 0 0 2.5 1 1
3.147 1 0 0 2.5 1 1
3.149 1 0 0 2.5 1 1
3.151 1 0 0 2.5 1 1
3.153 1 0 0 2.5 1 1
3.155 1 0 0 2.5 1 1
3.157 1 0 0 2.5 1 1
3.159 1 0 0 2.5 1 1
3.161 1 0 0 2.5 1 1
3.163 1 0 0 2.5 1 1
3.165 1 0 0 2.5 1 1
3.167 1 0 0 2.5 1 1
3.169 1 0 0 2.5 1 1
3.171 1 0 0 2.5 1 1
3.173 1 0 0 2.5 1 1
3.175 1 0 0 2.5 1 1
3.177 1 0 0 2.5 1 1
3.179 1 0 0 2.5 1 1
3.181 1 0 0 2.5 1 1
3.183 1 0 0 2.5 1 1
3.185 1 0 0 2.5 1 1
3.187 1 0 0 2.5 1 1
3.189 1 0 0 2.5 1 1
3.191 1 0 0 2.5 1 1
3.193 1 0 0 2.5 1 1
3.195 1 0 0 2.5 1 1
3.197 1 0 0 2.5 1 1
3.199 1 0 0 2.5 1 1
3.201 1.411 -0.39 0 2.88448 1.628 1
3.203 1.411 -0.39 0 2.88448 1.628 1
3.205 1.411 -0.39 0 2.88448 1.628 1
3.207 1.411 -0.39 0 2.88448 1.628 1
3.209 1.411 -0.39 0 2.88448 1.628 1
3.211 1.411 -0.39 0 2.88448 1.628 1
3.213 1.411 -0.39 0 2.88448 1.628 1
3.215 1.411 -0.39 0 2.88448 1.628 1
3.217 1.411 -0.39 0 2.88448 1.628 1
3.219 1.411 -0.39 0 2.88448 1.628 1
3.221 1.411 -0.39 0 2.88448 1.628 1
3.223 1.411 -0.39 0 2.88448 1.628 1
3.225 1.411 -0.39 0 2.88448 1.628 1
3.227 1.411 -0.39 0 2.88448 1.628 1
3.229 1.411 -0.39 0 2.88448 1.628 1
3.231 1.411 -0.39 0 2.88448 1.628 1
3.233 1.411 -0.39 0 2.88448 1.628 1
3.235 1.411 -0.39 0 2.88448 1.628 1
3.237 1.411 -0.39 0 2.88448 1.628 1
3.239 1.411 -0.39 0 2.88448 1.628 1
3.241 1.411 -0.39 0 2.88448 1.628 1
3.243 1.411 -0.39 0 2.88448 1.628 1
3.245 1.411 -0.39 0 2.88448 1.628 1
3.247 1.411 -0.39 0 2.88448 1.628 1
3.249 1.411 -0.39 0 2.88448 1.628 1
3.251 1.411 -0.39 0 2.88448 1.628 1
3.253 1.411 -0.39 0 2.88448 1.628 1
3.255 1.411 -0.39 0 2.88448 1.628 1
3.257 1.411 -0.39 0 2.88448 1.628 1
3.259 1.411 -0.39 0 2.88448 1.628 1
3.261 1.411 -0.39 0 2.88448 1.628 1
3.263 1.411 -0.39 0 2.88448 1.628 1
3.265 1.411 -0.39 0 2.88448 1.628 1
3.267 1.411 -0.39 0 2.88448 1.628 1
3.269 1.411 -0.39 0 2.88448 1.628 1
3.271 1.411 -0.39 0 2.88448 1.628 1
3.273 1.411 -0.39 0 2.88448 1.628 1
3.275 1.411 -0.39 0 2.88448 1.628 1
3.277 1.411 -0.39 0 2.88448 1.628 1
3.279 1.411 -0.39 0 2.88448 1.628 1
3.281 1.411 -0.39 0 2.88448 1.628 1
3.283 1.411 -0.39 0 2.88448 1.628 1
3.285 1.411 -0.39 0 2.88448 1.628 1
3.287 1.411 -0.39 0 2.88448 1.628 1
3.289 1.411 -0.39 0 2.88448 1.628 1
3.291 1.411 -0.39 0 2.88448 1.628 1
3.293 1.411 -0.39 0 2.88448 1.628 1
3.295 1.411 -0.39 0 2.88448 1.628 1
3.297 1.411 -0.39 0 2.88448 1.628 1
3.299 1.411 -0.39 0 2.88448 1.628 1
3.301 1.411 -0.39 0 2.88448 1.628 1
3.303 1.411 -0.39 0 2.88448 1.628 1
3.305 1.411 -0.39 0 2.88448 1.628 1
3.307 1.411 -0.39 0 2.88448 1.628 1
3.309 1.411 -0.39 0 2.88448 1.628 1
3.311 1.411 -0.39 0 2.88448 1.628 1
3.313 1.411 -0.39 0 2.88448 1.628 1
3.315 1.411 -0.39 0 2.88448 1.628 1
3.317 1.411 -0.39 0 2.88448 1.628 1
3.319 1.411 -0.39 0 2.88448 1.628 1
3.321 1.411 -0.39 0 2.88448 1.628 1
3.323 1.411 -0.39 0 2.88448 1.628 1
3.325 1.411 -0.39 0 2.88448 1.628 1
3.327 1.411 -0.39 0 2.88448 1.628 1
3.329 1.411 -0.39 0 2.88448 1.628 1
3.331 1.411 -0.39 0 2.88448 1.628 1
3.333 1.411 -0.39 0 2.88448 1.628 1
3.335 1.411 -0.39 0 2.88448 1.628 1
3.337 1.411 -0.39 0 2.88448 1.628 1
3.339 1.411 -0.39 0 2.88448 1.628 1
3.341 1.411 -0.39 0 2.88448 1.628 1
3.343 1.411 -0.39 0 2.88448 1.628 1
3.345 1.411 -0.39 0 2.88448 1.628 1
3.347 1.411 -0.39 0 2.88448 1.628 1
3.349 1.411 -0.39 0 2.88448 1.628 1
3.351 1.411 -0.39 0 2.88448 1.628 1
3.353 1.411 -0.39 0 2.88448 1.628 1
3.355 1.411 -0.39 0 2.88448 1.628 1
3.357 1.411 -0.39 0 2.88448 1.628 1
3.359 1.411 -0.39 0 2.88448 1.628 1
3.361 1.411 -0.39 0 2.88448 1.628 1
3.363 1.411 -0.39 0 2.88448 1.628 1
3.365 1.411 -0.39 0 2.88448 1.628 1
3.367 1.411 -0.39 0 2.88448 1.628 1
3.369 1.411 -0.39 0 2.88448 1.628 1
3.371 1.411 -0.39 0 2.88448 1.628 1
3.373 1.411 -0.39 0 2.88448 1.628 1
3.375 1.411 -0.39 0 2.88448 1.628 1
3.377 1.411 -0.39 0 2.88448 1.628 1
3.379 1.411 -0.39 0 2.88448 1.628 1
3.381 1.411 -0.39 0 2.88448 1.628 1
3.383 1.411 -0.39 0 2.88448 1.628 1
3.385 1.411 -0.39 0 2.88448 1.628 1
3.387 1.411 -0.39 0 2.88448 1.628 1
3.389 1.411 -0.39 0 2.88448 1.628 1
3.391 1.411 -0.39 0 2.88448 1.628 1
3.393 1.411 -0.39 0 2.88448 1.628 1
3.395 1.411 -0.39 0 2.88448 1.628 1
3.397 1.411 -0.39 0 2.88448 1.628 1
3.399 1.411 -0.39 0 2.88448 1.628 1
3.401 1.411 -0.39 0 2.88448 1.628 1
3.403 1.411 -0.39 0 2.88448 1.628 1
3.405 1.411 -0.39 0 2.88448 1.628 1
3.407 1.411 -0.39 0 2.88448 1.628 1
3.409 1.411 -0.39 0 2.88448 1.628 1
3.411 1.411 -0.39 0 2.88448 1.628 1
3.413 1.411 -0.39 0 2.88448 1.628 1
3.415 1.411 -0.39 0 2.88448 1.628 1
3.417 1.411 -0.39 0 2.88448 1.628 1
3.419 1.411 -0.39 0 2.88448 1.628 1
3.421 1.411 -0.39 0 2.88448 1.628 1
3.423 1.411 -0.39 0 2.88448 1.628 1
3.425 1.411 -0.39 0 2.88448 1.628 1
3.427 1.411 -0.39 0 2.88448 1.628 1
3.429 1.411 -0.39 0 2.88448 1.628 1
3.431 1.411 -0.39 0 2.88448 1.628 1
3.433 1.411 -0.39 0 2.88448 1.628 1
3.435 1.411 -0.39 0 2.88448 1.628 1
3.437 1.411 -0.39 0 2.88448 1.628 1
3.439 1.411 -0.39 0 2.88448 1.628 1
3.441 1.411 -0.39 0 2.88448 1.628 1
3.443 1.411 -0.39 0 2.88448 1.628 1
3.445 1.411 -0.39 0 2.88448 1.628 1
3.447 1.411 -0.39 0 2.88448 1.628 1
3.449 1.411 -0.39 0 2.88448 1.628 1
3.451 1.411 -0.39 0 2.88448 1.628 1
3.453 1.411 -0.39 0 2.88448 1.628 1
3.455 1.411 -0.39 0 2.88448 1.628 1
3.457 1.411 -0.39 0 2.88448 1.628 1
3.459 1.411 -0.39 0 2.88448 1.628 1
3.461 1.411 -0.39 0 2.88448 1.628 1
3.463 1.411 -0.39 0 2.88448 1.628 1
3.465 1.411 -0.39 0 2.88448 1.628 1
3.467 1.411 -0.39 0 2.88448 1.628 1
3.469 1.411 -0.39 0 2.88448 1.628 1
3.471 1.411 -0.39 0 2.88448 1.628 1
3.473 1.411 -0.39 0 2.88448 1.628 1
3.475 1.411 -0.39 0 2.88448 1.628 1
3.477 1.411 -0.39 0 2.88448 1.628 1
3.479 1.411 -0.39 0 2.88448 1.628 1
3.481 1.411 -0.39 0 2.88448 1.628 1
3.483 1.411 -0.39 0 2.88448 1.628 1
3.485 1.411 -0.39 0 2.88448 1.628 1
3.487 1.411 -0.39 0 2.88448 1.628 1
3.489 1.411 -0.39 0 2.88448 1.628 1
3.491 1.411 -0.39 0 2.88448 1.628 1
3.493 1.411 -0.39 0 2.88448 1.628 1
3.495 1.411 -0.39 0 2.88448 1.628 1
3.497 1.411 -0.39 0 2.88448 1.628 1
3.499 1.411 -0.39 0 2.88448 1.628 1
3.501 1.411 -0.39 0 2.88448 1.628 1
3.503 1.411 -0.39 0 2.88448 1.628 1
3.505 1.411 -0.39 0 2.88448 1.628 1
3.507 1.411 -0.39 0 2.88448 1.628 1
3.509 1.411 -0.39 0 2.88448 1.628 1
3.511 1.411 -0.39 0 2.88448 1.628 1
3.513 1.411 -0.39 0 2.88448 1.628 1
3.515 1.411 -0.39 0 2.88448 1.628 1
3.517 1.411 -0.39 0 2.88448 1.628 1
3.519 1.411 -0.39 0 2.88448 1.628 1
3.521 1.411 -0.39 0 2.88448 1.628 1
3.523 1.411 -0.39 0 2.88448 1.628 1
3.525 1.411 -0.39 0 2.88448 1.628 1
3.527 1.411 -0.39 0 2.88448 1.628 1
3.529 1.411 -0.39 0 2.88448 1.628 1
3.531 1.411 -0.39 0 2.88448 1.628 1
3.533 1.411 -0.39 0 2.88448 1.628 1
3.535 1.411 -0.39 0 2.88448 1.628 1
3.537 1.411 -0.39 0 2.88448 1.628 1
3.539 1.411 -0.39 0 2.88448 1.628 1
3.541 1.411 -0.39 0 2.88448 1.628 1
3.543 1.411 -0.39 0 2.88448 1.628 1
3.545 1.411 -0.39 0 2.88448 1.628 1
3.547 1.411 -0.39 0 2.88448 1.628 1
3.549 1.411 -0.39 0 2.88448 1.628 1
3.551 1.411 -0.39 0 2.88448 1.628 1
3.553 1.411 -0.39 0 2.88448 1.628 1
3.555 1.411 -0.39 0 2.88448 1.628 1
3.557 1.411 -0.39 0 2.88448 1.628 1
3.559 1.411 -0.39 0 2.88448 1.628 1
3.561 1.411 -0.39 0 2.88448 1.628 1
3.563 1.411 -0.39 0 2.88448 1.628 1
3.565 1.411 -0.39 0 2.88448 1.628 1
3.567 1.411 -0.39 0 2.88448 1.628 1
3.569 1.411 -0.39 0 2.88448 1.628 1
3.571 1.411 -0.39 0 2.88448 1.628 1
3.573 1.411 -0.39 0 2.88448 1.628 1
3.575 1.411 -0.39 0 2.88448 1.628 1
3.577 1.411 -0.39 0 2.88448 1.628 1
3.579 1.411 -0.39 0 2.88448 1.628 1
3.581 1.411 -0.39 0 2.88448 1.628 1
3.583 1.411 -0.39 0 2.88448 1.628 1
3.585 1.411 -0.39 0 2.88448 1.628 1
3.587 1.411 -0.39 0 2.88448 1.628 1
3.589 1.411 -0.39 0 2.88448 1.628 1
3.591 1.411 -0.39 0 2.88448 1.628 1
3.593 1.411 -0.39 0 2.88448 1.628 1
3.595 1.411 -0.39 0 2.88448 1.628 1
3.597 1.411 -0.39 0 2.88448 1.628 1
3.599 1.411 -0.39 0 2.88448 1.628 1
3.601 1.411 -0.39 0 2.88448 1.628 1
3.603 1.411 -0.39 0 2.88448 1.628 1
3.605 1.411 -0.39 0 2.88448 1.628 1
3.607 1.411 -0.39 0 2.88448 1.628 1
3.609 1.411 -0.39 0 2.88448 1.628 1
3.611 1.411 -0.39 0 2.88448 1.628 1
3.613 1.411 -0.39 0 2.88448 1.628 1
3.615 1.411 -0.39 0 2.88448 1.628 1
3.617 1.411 -0.39 0 2.88448 1.628 1
3.619 1.411 -0.39 0 2.88448 1.628 1
3.621 1.411 -0.39 0 2.88448 1.628 1
3.623 1.411 -0.39 0 2.88448 1.628 1
3.625 1.411 -0.39 0 2.88448 1.628 1
3.627 1.411 -0.39 0 2.88448 1.628 1
3.629 1.411 -0.39 0 2.88448 1.628 1
3.631 1.411 -0.39 0 2.88448 1.628 1
3.633 1.411 -0.39 0 2.88448 1.628 1
3.635 1.411 -0.39 0 2.88448 1.628 1
3.637 1.411 -0.39 0 2.88448 1.628 1
3.639 1.411 -0.39 0 2.88448 1.628 1
3.641 1.411 -0.39 0 2.88448 1.628 1
3.643 1.411 -0.39 0 2.88448 1.628 1
3.645 1.411 -0.39 0 2.88448 1.628 1
3.647 1.411 -0.39 0 2.88448 1.628 1
3.649 1.411 -0.39 0 2.88448 1.628 1
3.651 1.411 -0.39 0 2.88448 1.628 1
3.653 1.411 -0.39 0 2.88448 1.628 1
3.655 1.411 -0.39 0 2.88448 1.628 1
3.657 1.411 -0.39 0 2.88448 1.628 1
3.659 1.411 -0.39 0 2.88448 1.628 1
3.661 1.411 -0.39 0 2.88448 1.628 1
3.663 1.411 -0.39 0 2.88448 1.628 1
3.665 1.411 -0.39 0 2.88448 1.628 1
3.667 1.411 -0.39 0 2.88448 1.628 1
3.669 1.411 -0.39 0 2.88448 1.628 1
3.671 1.411 -0.39 0 2.88448 1.628 1
3.673 1.411 -0.39 0 2.88448 1.628 1
3.675 1.411 -0.39 0 2.88448 1.628 1
3.677 1.411 -0.39 0 2.88448 1.628 1
3.679 1.411 -0.39 0 2.88448 1.628 1
3.681 1.411 -0.39 0 2.88448 1.628 1
3.683 1.411 -0.39 0 2.88448 1.628 1
3.685 1.411 -0.39 0 2.88448 1.628 1
3.687 1.411 -0.39 0 2.88448 1.628 1
3.689 1.411 -0.39 0 2.88448 1.628 1
3.691 1.411 -0.39 0 2.88448 1.628 1
3.693 1.411 -0.39 0 2.88448 1.628 1
3.695 1.411 -0.39 0 2.88448 1.628 1
3.697 1.411 -0.39 0 2.88448 1.628 1
3.699 1.411 -0.39 0 2.88448 1.628 1
3.701 1.411 -0.39 0 2.88448 1.628 1
3.703 1.411 -0.39 0 2.88448 1.628 1
3.705 1.411 -0.39 0 2.88448 1.628 1
3.707 1.411 -0.39 0 2.88448 1.628 1
3.709 1.411 -0.39 0 2.88448 1.628 1
3.711 1.411 -0.39 0 2.88448 1.628 1
3.713 1.411 -0.39 0 2.88448 1.628 1
3.715 1.411 -0.39 0 2.88448 1.628 1
3.717 1.411 -0.39 0 2.88448 1.628 1
3.719 1.411 -0.39 0 2.88448 1.628 1
3.721 1.411 -0.39 0 2.88448 1.628 1
3.723 1.411 -0.39 0 2.88448 1.628 1
3.725 1.411 -0.39 0 2.88448 1.628 1
3.727 1.411 -0.39 0 2.88448 1.628 1
3.729 1.411 -0.39 0 2.88448 1.628 1
3.731 1.411 -0.39 0 2.88448 1.628 1
3.733 1.411 -0.39 0 2.88448 1.628 1
3.735 1.411 -0.39 0 2.88448 1.628 1
3.737 1.411 -0.39 0 2.88448 1.628 1
3.739 1.411 -0.39 0 2.88448 1.628 1
3.741 1.411 -0.39 0 2.88448 1.628 1
3.743 1.411 -0.39 0 2.88448 1.628 1
3.745 1.411 -0.39 0 2.88448 1.628 1
3.747 1.411 -0.39 0 2.88448 1.628 1
3.749 1.411 -0.39 0 2.88448 1.628 1
3.751 1.411 -0.39 0 2.88448 1.628 1
3.753 1.411 -0.39 0 2.88448 1.628 1
3.755 1.411 -0.39 0 2.88448 1.628 1
3.757 1.411 -0.39 0 2.88448 1.628 1
3.759 1.411 -0.39 0 2.88448 1.628 1
3.761 1.411 -0.39 0 2.88448 1.628 1
3.763 1.411 -0.39 0 2.88448 1.628 1
3.765 1.411 -0.39 0 2.88448 1.628 1
3.767 1.411 -0.39 0 2.88448 1.628 1
3.769 1.411 -0.39 0 2.88448 1.628 1
3.771 1.411 -0.39 0 2.88448 1.628 1
3.773 1.411 -0.39 0 2.88448 1.628 1
3.775 1.411 -0.39 0 2.88448 1.628 1
3.777 1.411 -0.39 0 2.88448 1.628 1
3.779 1.411 -0.39 0 2.88448 1.628 1
3.781 1.411 -0.39 0 2.88448 1.628 1
3.783 1.411 -0.39 0 2.88448 1.628 1
3.785 1.411 -0.39 0 2.88448 1.628 1
3.787 1.411 -0.39 0 2.88448 1.628 1
3.789 1.411 -0.39 0 2.88448 1.628 1
3.791 1.411 -0.39 0 2.88448 1.628 1
3.793 1.411 -0.39 0 2.88448 1.628 1
3.795 1.411 -0.39 0 2.88448 1.628 1
3.797 1.411 -0.39 0 2.88448 1.628 1
3.799 1.411 -0.39 0 2.88448 1.628 1
3.801 1.411 -0.39 0 2.88448 1.628 1
3.803 1.411 -0.39 0 2.88448 1.628 1
3.805 1.411 -0.39 0 2.88448 1.628 1
3.807 1.411 -0.39 0 2.88448 1.628 1
3.809 1.411 -0.39 0 2.88448 1.628 1
3.811 1.411 -0.39 0 2.88448 1.628 1
3.813 1.411 -0.39 0 2.88448 1.628 1
3.815 1.411 -0.39 0 2.88448 1.628 1
3.817 1.411 -0.39 0 2.88448 1.628 1
3.819 1.411 -0.39 0 2.88448 1.628 1
3.821 1.411 -0.39 0 2.88448 1.628 1
3.823 1.411 -0.39 0 2.88448 1.628 1
3.825 1.411 -0.39 0 2.88448 1.628 1
3.827 1.411 -0.39 0 2.88448 1.628 1
3.829 1.411 -0.39 0 2.88448 1.628 1
3.831 1.411 -0.39 0 2.88448 1.628 1
3.833 1.411 -0.39 0 2.88448 1.628 1
3.835 1.411 -0.39 0 2.88448 1.628 1
3.837 1.411 -0.39 0 2.88448 1.628 1
3.839 1.411 -0.39 0 2.88448 1.628 1
3.841 1.411 -0.39 0 2.88448 1.628 1
3.843 1.411 -0.39 0 2.88448 1.628 1
3.845 1.411 -0.39 0 2.88448 1.628 1
3.847 1.411 -0.39 0 2.88448 1.628 1
3.849 1.411 -0.39 0 2.88448 1.628 1
3.851 1.411 -0.39 0 2.88448 1.628 1
3.853 1.411 -0.39 0 2.88448 1.628 1
3.855 1.411 -0.39 0 2.88448 1.628 1
3.857 1.411 -0.39 0 2.88448 1.628 1
3.859 1.411 -0.39 0 2.88448 1.628 1
3.861 1.411 -0.39 0 2.88448 1.628 1
3.863 1.411 -0.39 0 2.88448 1.628 1
3.865 1.411 -0.39 0 2.88448 1.628 1
3.867 1.411 -0.39 0 2.88448 1.628 1
3.869 1.411 -0.39 0 2.88448 1.628 1
3.871 1.411 -0.39 0 2.88448 1.628 1
3.873 1.411 -0.39 0 2.88448 1.628 1
3.875 1.411 -0.39 0 2.88448 1.628 1
3.877 1.411 -0.39 0 2.88448 1.628 1
3.879 1.411 -0.39 0 2.88448 1.628 1
3.881 1.411 -0.39 0 2.88448 1.628 1
3.883 1.411 -0.39 0 2.88448 1.628 1
3.885 1.411 -0.39 0 2.88448 1.628 1
3.887 1.411 -0.39 0 2.88448 1.628 1
3.889 1.411 -0.39 0 2.88448 1.628 1
3.891 1.411 -0.39 0 2.88448 1.628 1
3.893 1.411 -0.39 0 2.88448 1.628 1
3.895 1.411 -0.39 0 2.88448 1.628 1
3.897 1.411 -0.39 0 2.88448 1.628 1
3.899 1.411 -0.39 0 2.88448 1.628 1
3.901 1.411 -0.39 0 2.88448 1.628 1
3.903 1.411 -0.39 0 2.88448 1.628 1
3.905 1.411 -0.39 0 2.88448 1.628 1
3.907 1.411 -0.39 0 2.88448 1.628 1
3.909 1.411 -0.39 0 2.88448 1.628 1
3.911 1.411 -0.39 0 2.88448 1.628 1
3.913 1.411 -0.39 0 2.88448 1.628 1
3.915 1.411 -0.39 0 2.88448 1.628 1
3.917 1.411 -0.39 0 2.88448 1.628 1
3.919 1.411 -0.39 0 2.88448 1.628 1
3.921 1.411 -0.39 0 2.88448 1.628 1
3.923 1.411 -0.39 0 2.88448 1.628 1
3.925 1.411 -0.39 0 2.88448 1.628 1
3.927 1.411 -0.39 0 2.88448 1.628 1
3.929 1.411 -0.39 0 2.88448 1.628 1
3.931 1.411 -0.39 0 2.88448 1.628 1
3.933 1.411 -0.39 0 2.88448 1.628 1
3.935 1.411 -0.39 0 2.88448 1.628 1
3.937 1.411 -0.39 0 2.88448 1.628 1
3.939 1.411 -0.39 0 2.88448 1.628 1
3.941 1.411 -0.39 0 2.88448 1.628 1
3.943 1.411 -0.39 0 2.88448 1.628 1
3.945 1.411 -0.39 0 2.88448 1.628 1
3.947 1.411 -0.39 0 2.88448 1.628 1
3.949 1.411 -0.39 0 2.88448 1.628 1
3.951 1.411 -0.39 0 2.88448 1.628 1
3.953 1.411 -0.39 0 2.88448 1.628 1
3.955 1.411 -0.39 0 2.88448 1.628 1
3.957 1.411 -0.39 0 2.88448 1.628 1
3.959 1.411 -0.39 0 2.88448 1.628 1
3.961 1.411 -0.39 0 2.88448 1.628 1
3.963 1.411 -0.39 0 2.88448 1.628 1
3.965 1.411 -0.39 0 2.88448 1.628 1
3.967 1.411 -0.39 0 2.88448 1.628 1
3.969 1.411 -0.39 0 2.88448 1.628 1
3.971 1.411 -0.39 0 2.88448 1.628 1
3.973 1.411 -0.39 0 2.88448 1.628 1
3.975 1.411 -0.39 0 2.88448 1.628 1
3.977 1.411 -0.39 0 2.88448 1.628 1
3.979 1.411 -0.39 0 2.88448 1.628 1
3.981 1.411 -0.39 0 2.88448 1.628 1
3.983 1.411 -0.39 0 2.88448 1.628 1
3.985 1.411 -0.39 0 2.88448 1.628 1
3.987 1.411 -0.39 0 2.88448 1.628 1
3.989 1.411 -0.39 0 2.88448 1.628 1
3.991 1.411 -0.39 0 2.88448 1.628 1
3.993 1.411 -0.39 0 2.88448 1.628 1
3.995 1.411 -0.39 0 2.88448 1.628 1
3.997 1.411 -0.39 0 2.88448 1.628 1
3.999 1.411 -0.39 0 2.88448 1.628 1
4.001 1.411 -0.39 0 2.88448 1.628 1
4.003 1.411 -0.39 0 2.88448 1.628 1
