-0.006 5.04 0 0 2.13347 1 0
-0.002 5.04 0 0 2.13347 1 0
0.002 5.04 0 0 2.13347 1 0
0.006 5.04 0 0 2.13347 1 0
0.01 5.04 0 0 2.13347 1 0
0.014 5.04 0 0 2.13347 1 0
0.018 5.04 0 0 2.13347 1 0
0.022 5.04 0 0 2.13347 1 0
0.026 5.04 0 0 2.13347 1 0
0.03 5.04 0 0 2.13347 1 0
0.034 5.04 0 0 2.13347 1 0
0.038 5.04 0 0 2.13347 1 0
0.042 5.04 0 0 2.13347 1 0
0.046 5.04 0 0 2.13347 1 0
0.05 5.04 0 0 2.13347 1 0
0.054 5.04 0 0 2.13347 1 0
0.058 5.04 0 0 2.13347 1 0
0.062 5.04 0 0 2.13347 1 0
0.066 5.04 0 0 2.13347 1 0
0.07 5.04 0 0 2.13347 1 0
0.074 5.04 0 0 2.13347 1 0
0.078 5.04 0 0 2.13347 1 0
0.082 5.04 0 0 2.13347 1 0
0.086 5.04 0 0 2.13347 1 0
0.09 5.04 0 0 2.13347 1 0
0.094 5.04 0 0 2.13347 1 0
0.098 5.04 0 0 2.13347 1 0
0.102 5.04 0 0 2.13347 1 0
0.106 5.04 0 0 2.13347 1 0
0.11 5.04 0 0 2.13347 1 0
0.114 5.04 0 0 2.13347 1 0
0.118 5.04 0 0 2.13347 1 0
0.122 5.04 0 0 2.13347 1 0
0.126 5.04 0 0 2.13347 1 0
0.13 5.04 0 0 2.13347 1 0
0.134 5.04 0 0 2.13347 1 0
0.138 5.04 0 0 2.13347 1 0
0.142 5.04 0 0 2.13347 1 0
0.146 5.04 0 0 2.13347 1 0
0.15 5.04 0 0 2.13347 1 0
0.154 5.04 0 0 2.13347 1 0
0.158 5.04 0 0 2.13347 1 0
0.162 5.04 0 0 2.13347 1 0
0.166 5.04 0 0 2.13347 1 0
0.17 5.04 0 0 2.13347 1 0
0.174 5.04 0 0 2.13347 1 0
0.178 5.04 0 0 2.13347 1 0
0.182 5.04 0 0 2.13347 1 0
0.186 5.04 0 0 2.13347 1 0
0.19 5.04 0 0 2.13347 1 0
0.194 5.04 0 0 2.13347 1 0
0.198 5.04 0 0 2.13347 1 0
0.202 5.04 0 0 2.13347 1 0
0.206 5.04 0 0 2.13347 1 0
0.21 5.04 0 0 2.13347 1 0
0.214 5.04 0 0 2.13347 1 0
0.218 5.04 0 0 2.13347 1 0
0.222 5.04 0 0 2.13347 1 0
0.226 5.04 0 0 2.13347 1 0
0.23 5.04 0 0 2.13347 1 0
0.234 5.04 0 0 2.13347 1 0
0.238 5.04 0 0 2.13347 1 0
0.242 5.04 0 0 2.13347 1 0
0.246 5.04 0 0 2.13347 1 0
0.25 5.04 0 0 2.13347 1 0
0.254 5.04 0 0 2.13347 1 0
0.258 5.04 0 0 2.13347 1 0
0.262 5.04 0 0 2.13347 1 0
0.266 5.04 0 0 2.13347 1 0
0.27 5.04 0 0 2.13347 1 0
0.274 5.04 0 0 2.13347 1 0
0.278 5.04 0 0 2.13347 1 0
0.282 5.04 0 0 2.13347 1 0
0.286 5.04 0 0 2.13347 1 0
0.29 5.04 0 0 2.13347 1 0
0.294 5.04 0 0 2.13347 1 0
0.298 5.04 0 0 2.13347 1 0
0.302 5.04 0 0 2.13347 1 0
0.306 5.04 0 0 2.13347 1 0
0.31 5.04 0 0 2.13347 1 0
0.314 5.04 0 0 2.13347 1 0
0.318 5.04 0 0 2.13347 1 0
0.322 5.04 0 0 2.13347 1 0
0.326 5.04 0 0 2.13347 1 0
0.33 5.04 0 0 2.13347 1 0
0.334 5.04 0 0 2.13347 1 0
0.338 5.04 0 0 2.13347 1 0
0.342 5.04 0 0 2.13347 1 0
0.346 5.04 0 0 2.13347 1 0
0.35 5.04 0 0 2.13347 1 0
0.354 5.04 0 0 2.13347 1 0
0.358 5.04 0 0 2.13347 1 0
0.362 5.04 0 0 2.13347 1 0
0.366 5.04 0 0 2.13347 1 0
0.37 5.04 0 0 2.13347 1 0
0.374 5.04 0 0 2.13347 1 0
0.378 5.04 0 0 2.13347 1 0
0.382 5.04 0 0 2.13347 1 0
0.386 5.04 0 0 2.13347 1 0
0.39 5.04 0 0 2.13347 1 0
0.394 5.04 0 0 2.13347 1 0
0.398 5.04 0 0 2.13347 1 0
0.402 5.04 0 0 2.13347 1 0
0.406 5.04 0 0 2.13347 1 0
0.41 5.04 0 0 2.13347 1 0
0.414 5.04 0 0 2.13347 1 0
0.418 5.04 0 0 2.13347 1 0
0.422 5.04 0 0 2.13347 1 0
0.426 5.04 0 0 2.13347 1 0
0.43 5.04 0 0 2.13347 1 0
0.434 5.04 0 0 2.13347 1 0
0.438 5.04 0 0 2.13347 1 0
0.442 5.04 0 0 2.13347 1 0
0.446 5.04 0 0 2.13347 1 0
0.45 5.04 0 0 2.13347 1 0
0.454 5.04 0 0 2.13347 1 0
0.458 5.04 0 0 2.13347 1 0
0.462 5.04 0 0 2.13347 1 0
0.466 5.04 0 0 2.13347 1 0
0.47 5.04 0 0 2.13347 1 0
0.474 5.04 0 0 2.13347 1 0
0.478 5.04 0 0 2.13347 1 0
0.482 5.04 0 0 2.13347 1 0
0.486 5.04 0 0 2.13347 1 0
0.49 5.04 0 0 2.13347 1 0
0.494 5.04 0 0 2.13347 1 0
0.498 5.04 0 0 2.13347 1 0
0.502 5.04 0 0 2.13347 1 0
0.506 5.04 0 0 2.13347 1 0
0.51 5.04 0 0 2.13347 1 0
0.514 5.04 0 0 2.13347 1 0
0.518 5.04 0 0 2.13347 1 0
0.522 5.04 0 0 2.13347 1 0
0.526 5.04 0 0 2.13347 1 0
0.53 5.04 0 0 2.13347 1 0
0.534 5.04 0 0 2.13347 1 0
0.538 5.04 0 0 2.13347 1 0
0.542 5.04 0 0 2.13347 1 0
0.546 5.04 0 0 2.13347 1 0
0.55 5.04 0 0 2.13347 1 0
0.554 5.04 0 0 2.13347 1 0
0.558 5.04 0 0 2.13347 1 0
0.562 5.04 0 0 2.13347 1 0
0.566 5.04 0 0 2.13347 1 0
0.57 5.04 0 0 2.13347 1 0
0.574 5.04 0 0 2.13347 1 0
0.578 5.04 0 0 2.13347 1 0
0.582 5.04 0 0 2.13347 1 0
0.586 5.04 0 0 2.13347 1 0
0.59 5.04 0 0 2.13347 1 0
0.594 5.04 0 0 2.13347 1 0
0.598 5.04 0 0 2.13347 1 0
0.602 5.04 0 0 2.13347 1 0
0.606 5.04 0 0 2.13347 1 0
0.61 5.04 0 0 2.13347 1 0
0.614 5.04 0 0 2.13347 1 0
0.618 5.04 0 0 2.13347 1 0
0.622 5.04 0 0 2.13347 1 0
0.626 5.04 0 0 2.13347 1 0
0.63 5.04 0 0 2.13347 1 0
0.634 5.04 0 0 2.13347 1 0
0.638 5.04 0 0 2.13347 1 0
0.642 5.04 0 0 2.13347 1 0
0.646 5.04 0 0 2.13347 1 0
0.65 5.04 0 0 2.13347 1 0
0.654 5.04 0 0 2.13347 1 0
0.658 5.04 0 0 2.13347 1 0
0.662 5.04 0 0 2.13347 1 0
0.666 5.04 0 0 2.13347 1 0
0.67 5.04 0 0 2.13347 1 0
0.674 5.04 0 0 2.13347 1 0
0.678 5.04 0 0 2.13347 1 0
0.682 5.04 0 0 2.13347 1 0
0.686 5.04 0 0 2.13347 1 0
0.69 5.04 0 0 2.13347 1 0
0.694 5.04 0 0 2.13347 1 0
0.698 5.04 0 0 2.13347 1 0
0.702 5.04 0 0 2.13347 1 0
0.706 5.04 0 0 2.13347 1 0
0.71 5.04 0 0 2.13347 1 0
0.714 5.04 0 0 2.13347 1 0
0.718 5.04 0 0 2.13347 1 0
0.722 5.04 0 0 2.13347 1 0
0.726 5.04 0 0 2.13347 1 0
0.73 5.04 0 0 2.13347 1 0
0.734 5.04 0 0 2.13347 1 0
0.738 5.04 0 0 2.13347 1 0
0.742 5.04 0 0 2.13347 1 0
0.746 5.04 0 0 2.13347 1 0
0.75 5.04 0 0 2.13347 1 0
0.754 5.04 0 0 2.13347 1 0
0.758 5.04 0 0 2.13347 1 0
0.762 5.04 0 0 2.13347 1 0
0.766 5.04 0 0 2.13347 1 0
0.77 5.04 0 0 2.13347 1 0
0.774 5.04 0 0 2.13347 1 0
0.778 5.04 0 0 2.13347 1 0
0.782 5.04 0 0 2.13347 1 0
0.786 5.04 0 0 2.13347 1 0
0.79 5.04 0 0 2.13347 1 0
0.794 5.04 0 0 2.13347 1 0
0.798 5.04 0 0 2.13347 1 0
0.802 5.04 0 0 2.13347 1 0
0.806 5.04 0 0 2.13347 1 0
0.81 5.04 0 0 2.13347 1 0
0.814 5.04 0 0 2.13347 1 0
0.818 5.04 0 0 2.13347 1 0
0.822 5.04 0 0 2.13347 1 0
0.826 5.04 0 0 2.13347 1 0
0.83 5.04 0 0 2.13347 1 0
0.834 5.04 0 0 2.13347 1 0
0.838 5.04 0 0 2.13347 1 0
0.842 5.04 0 0 2.13347 1 0
0.846 5.04 0 0 2.13347 1 0
0.85 5.04 0 0 2.13347 1 0
0.854 5.04 0 0 2.13347 1 0
0.858 5.04 0 0 2.13347 1 0
0.862 5.04 0 0 2.13347 1 0
0.866 5.04 0 0 2.13347 1 0
0.87 5.04 0 0 2.13347 1 0
0.874 5.04 0 0 2.13347 1 0
0.878 5.04 0 0 2.13347 1 0
0.882 5.04 0 0 2.13347 1 0
0.886 5.04 0 0 2.13347 1 0
0.89 5.04 0 0 2.13347 1 0
0.894 5.04 0 0 2.13347 1 0
0.898 5.04 0 0 2.13347 1 0
0.902 5.04 0 0 2.13347 1 0
0.906 5.04 0 0 2.13347 1 0
0.91 5.04 0 0 2.13347 1 0
0.914 5.04 0 0 2.13347 1 0
0.918 5.04 0 0 2.13347 1 0
0.922 5.04 0 0 2.13347 1 0
0.926 5.04 0 0 2.13347 1 0
0.93 5.04 0 0 2.13347 1 0
0.934 5.04 0 0 2.13347 1 0
0.938 5.04 0 0 2.13347 1 0
0.942 5.04 0 0 2.13347 1 0
0.946 5.04 0 0 2.13347 1 0
0.95 5.04 0 0 2.13347 1 0
0.954 5.04 0 0 2.13347 1 0
0.958 5.04 0 0 2.13347 1 0
0.962 5.04 0 0 2.13347 1 0
0.966 5.04 0 0 2.13347 1 0
0.97 5.04 0 0 2.13347 1 0
0.974 5.04 0 0 2.13347 1 0
0.978 5.04 0 0 2.13347 1 0
0.982 5.04 0 0 2.13347 1 0
0.986 5.04 0 0 2.13347 1 0
0.99 5.04 0 0 2.13347 1 0
0.994 5.04 0 0 2.13347 1 0
0.998 5.04 0 0 2.13347 1 0
1.002 5.04 0 0 2.13347 1 0
1.006 5.04 0 0 2.13347 1 0
1.01 5.04 0 0 2.13347 1 0
1.014 5.04 0 0 2.13347 1 0
1.018 5.04 0 0 2.13347 1 0
1.022 5.04 0 0 2.13347 1 0
1.026 5.04 0 0 2.13347 1 0
1.03 5.04 0 0 2.13347 1 0
1.034 5.04 0 0 2.13347 1 0
1.038 5.04 0 0 2.13347 1 0
1.042 5.04 0 0 2.13347 1 0
1.046 5.04 0 0 2.13347 1 0
1.05 5.04 0 0 2.13347 1 0
1.054 5.04 0 0 2.13347 1 0
1.058 5.04 0 0 2.13347 1 0
1.062 5.04 0 0 2.13347 1 0
1.066 5.04 0 0 2.13347 1 0
1.07 5.04 0 0 2.13347 1 0
1.074 5.04 0 0 2.13347 1 0
1.078 5.04 0 0 2.13347 1 0
1.082 5.04 0 0 2.13347 1 0
1.086 5.04 0 0 2.13347 1 0
1.09 5.04 0 0 2.13347 1 0
1.094 5.04 0 0 2.13347 1 0
1.098 5.04 0 0 2.13347 1 0
1.102 5.04 0 0 2.13347 1 0
1.106 5.04 0 0 2.13347 1 0
1.11 5.04 0 0 2.13347 1 0
1.114 5.04 0 0 2.13347 1 0
1.118 5.04 0 0 2.13347 1 0
1.122 5.04 0 0 2.13347 1 0
1.126 5.04 0 0 2.13347 1 0
1.13 5.04 0 0 2.13347 1 0
1.134 5.04 0 0 2.13347 1 0
1.138 5.04 0 0 2.13347 1 0
1.142 5.04 0 0 2.13347 1 0
1.146 5.04 0 0 2.13347 1 0
1.15 5.04 0 0 2.13347 1 0
1.154 5.04 0 0 2.13347 1 0
1.158 5.04 0 0 2.13347 1 0
1.162 5.04 0 0 2.13347 1 0
1.166 5.04 0 0 2.13347 1 0
1.17 5.04 0 0 2.13347 1 0
1.174 5.04 0 0 2.13347 1 0
1.178 5.04 0 0 2.13347 1 0
1.182 5.04 0 0 2.13347 1 0
1.186 5.04 0 0 2.13347 1 0
1.19 5.04 0 0 2.13347 1 0
1.194 5.04 0 0 2.13347 1 0
1.198 5.04 0 0 2.13347 1 0
1.202 5.04 0 0 2.13347 1 0
1.206 5.04 0 0 2.13347 1 0
1.21 5.04 0 0 2.13347 1 0
1.214 5.04 0 0 2.13347 1 0
1.218 5.04 0 0 2.13347 1 0
1.222 5.04 0 0 2.13347 1 0
1.226 5.04 0 0 2.13347 1 0
1.23 5.04 0 0 2.13347 1 0
1.234 5.04 0 0 2.13347 1 0
1.238 5.04 0 0 2.13347 1 0
1.242 5.04 0 0 2.13347 1 0
1.246 5.04 0 0 2.13347 1 0
1.25 5.04 0 0 2.13347 1 0
1.254 5.04 0 0 2.13347 1 0
1.258 5.04 0 0 2.13347 1 0
1.262 5.04 0 0 2.13347 1 0
1.266 5.04 0 0 2.13347 1 0
1.27 5.04 0 0 2.13347 1 0
1.274 5.04 0 0 2.13347 1 0
1.278 5.04 0 0 2.13347 1 0
1.282 5.04 0 0 2.13347 1 0
1.286 5.04 0 0 2.13347 1 0
1.29 5.04 0 0 2.13347 1 0
1.294 5.04 0 0 2.13347 1 0
1.298 5.04 0 0 2.13347 1 0
1.302 5.04 0 0 2.13347 1 0
1.306 5.04 0 0 2.13347 1 0
1.31 5.04 0 0 2.13347 1 0
1.314 5.04 0 0 2.13347 1 0
1.318 5.04 0 0 2.13347 1 0
1.322 5.04 0 0 2.13347 1 0
1.326 5.04 0 0 2.13347 1 0
1.33 5.04 0 0 2.13347 1 0
1.334 5.04 0 0 2.13347 1 0
1.338 5.04 0 0 2.13347 1 0
1.342 5.04 0 0 2.13347 1 0
1.346 5.04 0 0 2.13347 1 0
1.35 5.04 0 0 2.13347 1 0
1.354 5.04 0 0 2.13347 1 0
1.358 5.04 0 0 2.13347 1 0
1.362 5.04 0 0 2.13347 1 0
1.366 5.04 0 0 2.13347 1 0
1.37 5.04 0 0 2.13347 1 0
1.374 5.04 0 0 2.13347 1 0
1.378 5.04 0 0 2.13347 1 0
1.382 5.04 0 0 2.13347 1 0
1.386 5.04 0 0 2.13347 1 0
1.39 5.04 0 0 2.13347 1 0
1.394 5.04 0 0 2.13347 1 0
1.398 5.04 0 0 2.13347 1 0
1.402 5.04 0 0 2.13347 1 0
1.406 5.04 0 0 2.13347 1 0
1.41 5.04 0 0 2.13347 1 0
1.414 5.04 0 0 2.13347 1 0
1.418 5.04 0 0 2.13347 1 0
1.422 5.04 0 0 2.13347 1 0
1.426 5.04 0 0 2.13347 1 0
1.43 5.04 0 0 2.13347 1 0
1.434 5.04 0 0 2.13347 1 0
1.438 5.04 0 0 2.13347 1 0
1.442 5.04 0 0 2.13347 1 0
1.446 5.04 0 0 2.13347 1 0
1.45 5.04 0 0 2.13347 1 0
1.454 5.04 0 0 2.13347 1 0
1.458 5.04 0 0 2.13347 1 0
1.462 5.04 0 0 2.13347 1 0
1.466 5.04 0 0 2.13347 1 0
1.47 5.04 0 0 2.13347 1 0
1.474 5.04 0 0 2.13347 1 0
1.478 5.04 0 0 2.13347 1 0
1.482 5.04 0 0 2.13347 1 0
1.486 5.04 0 0 2.13347 1 0
1.49 5.04 0 0 2.13347 1 0
1.494 5.04 0 0 2.13347 1 0
1.498 5.04 0 0 2.13347 1 0
1.502 5.04 0 0 2.13347 1 0
1.506 5.04 0 0 2.13347 1 0
1.51 5.04 0 0 2.13347 1 0
1.514 5.04 0 0 2.13347 1 0
1.518 5.04 0 0 2.13347 1 0
1.522 5.04 0 0 2.13347 1 0
1.526 5.04 0 0 2.13347 1 0
1.53 5.04 0 0 2.13347 1 0
1.534 5.04 0 0 2.13347 1 0
1.538 5.04 0 0 2.13347 1 0
1.542 5.04 0 0 2.13347 1 0
1.546 5.04 0 0 2.13347 1 0
1.55 5.04 0 0 2.13347 1 0
1.554 5.04 0 0 2.13347 1 0
1.558 5.04 0 0 2.13347 1 0
1.562 5.04 0 0 2.13347 1 0
1.566 5.04 0 0 2.13347 1 0
1.57 5.04 0 0 2.13347 1 0
1.574 5.04 0 0 2.13347 1 0
1.578 5.04 0 0 2.13347 1 0
1.582 5.04 0 0 2.13347 1 0
1.586 5.04 0 0 2.13347 1 0
1.59 5.04 0 0 2.13347 1 0
1.594 5.04 0 0 2.13347 1 0
1.598 5.04 0 0 2.13347 1 0
1.602 5.04 0 0 2.13347 1 0
1.606 5.04 0 0 2.13347 1 0
1.61 5.04 0 0 2.13347 1 0
1.614 5.04 0 0 2.13347 1 0
1.618 5.04 0 0 2.13347 1 0
1.622 5.04 0 0 2.13347 1 0
1.626 5.04 0 0 2.13347 1 0
1.63 5.04 0 0 2.13347 1 0
1.634 5.04 0 0 2.13347 1 0
1.638 5.04 0 0 2.13347 1 0
1.642 5.04 0 0 2.13347 1 0
1.646 5.04 0 0 2.13347 1 0
1.65 5.04 0 0 2.13347 1 0
1.654 5.04 0 0 2.13347 1 0
1.658 5.04 0 0 2.13347 1 0
1.662 5.04 0 0 2.13347 1 0
1.666 5.04 0 0 2.13347 1 0
1.67 5.04 0 0 2.13347 1 0
1.674 5.04 0 0 2.13347 1 0
1.678 5.04 0 0 2.13347 1 0
1.682 5.04 0 0 2.13347 1 0
1.686 5.04 0 0 2.13347 1 0
1.69 5.04 0 0 2.13347 1 0
1.694 5.04 0 0 2.13347 1 0
1.698 5.04 0 0 2.13347 1 0
1.702 5.04 0 0 2.13347 1 0
1.706 5.04 0 0 2.13347 1 0
1.71 5.04 0 0 2.13347 1 0
1.714 5.04 0 0 2.13347 1 0
1.718 5.04 0 0 2.13347 1 0
1.722 5.04 0 0 2.13347 1 0
1.726 5.04 0 0 2.13347 1 0
1.73 5.04 0 0 2.13347 1 0
1.734 5.04 0 0 2.13347 1 0
1.738 5.04 0 0 2.13347 1 0
1.742 5.04 0 0 2.13347 1 0
1.746 5.04 0 0 2.13347 1 0
1.75 5.04 0 0 2.13347 1 0
1.754 5.04 0 0 2.13347 1 0
1.758 5.04 0 0 2.13347 1 0
1.762 5.04 0 0 2.13347 1 0
1.766 5.04 0 0 2.13347 1 0
1.77 5.04 0 0 2.13347 1 0
1.774 5.04 0 0 2.13347 1 0
1.778 5.04 0 0 2.13347 1 0
1.782 5.04 0 0 2.13347 1 0
1.786 5.04 0 0 2.13347 1 0
1.79 5.04 0 0 2.13347 1 0
1.794 5.04 0 0 2.13347 1 0
1.798 5.04 0 0 2.13347 1 0
1.802 5.04 0 0 2.13347 1 0
1.806 5.04 0 0 2.13347 1 0
1.81 5.04 0 0 2.13347 1 0
1.814 5.04 0 0 2.13347 1 0
1.818 5.04 0 0 2.13347 1 0
1.822 5.04 0 0 2.13347 1 0
1.826 5.04 0 0 2.13347 1 0
1.83 5.04 0 0 2.13347 1 0
1.834 5.04 0 0 2.13347 1 0
1.838 5.04 0 0 2.13347 1 0
1.842 5.04 0 0 2.13347 1 0
1.846 5.04 0 0 2.13347 1 0
1.85 5.04 0 0 2.13347 1 0
1.854 5.04 0 0 2.13347 1 0
1.858 5.04 0 0 2.13347 1 0
1.862 5.04 0 0 2.13347 1 0
1.866 5.04 0 0 2.13347 1 0
1.87 5.04 0 0 2.13347 1 0
1.874 5.04 0 0 2.13347 1 0
1.878 5.04 0 0 2.13347 1 0
1.882 5.04 0 0 2.13347 1 0
1.886 5.04 0 0 2.13347 1 0
1.89 5.04 0 0 2.13347 1 0
1.894 5.04 0 0 2.13347 1 0
1.898 5.04 0 0 2.13347 1 0
1.902 5.04 0 0 2.13347 1 0
1.906 5.04 0 0 2.13347 1 0
1.91 5.04 0 0 2.13347 1 0
1.914 5.04 0 0 2.13347 1 0
1.918 5.04 0 0 2.13347 1 0
1.922 5.04 0 0 2.13347 1 0
1.926 5.04 0 0 2.13347 1 0
1.93 5.04 0 0 2.13347 1 0
1.934 5.04 0 0 2.13347 1 0
1.938 5.04 0 0 2.13347 1 0
1.942 5.04 0 0 2.13347 1 0
1.946 5.04 0 0 2.13347 1 0
1.95 5.04 0 0 2.13347 1 0
1.954 5.04 0 0 2.13347 1 0
1.958 5.04 0 0 2.13347 1 0
1.962 5.04 0 0 2.13347 1 0
1.966 5.04 0 0 2.13347 1 0
1.97 5.04 0 0 2.13347 1 0
1.974 5.04 0 0 2.13347 1 0
1.978 5.04 0 0 2.13347 1 0
1.982 5.04 0 0 2.13347 1 0
1.986 5.04 0 0 2.13347 1 0
1.99 5.04 0 0 2.13347 1 0
1.994 5.04 0 0 2.13347 1 0
1.998 5.04 0 0 2.13347 1 0
2.002 5.04 0 0 2.13347 1 0
2.006 5.04 0 0 2.13347 1 0
2.01 5.04 0 0 2.13347 1 0
2.014 5.04 0 0 2.13347 1 0
2.018 5.04 0 0 2.13347 1 0
2.022 5.04 0 0 2.13347 1 0
2.026 5.04 0 0 2.13347 1 0
2.03 5.04 0 0 2.13347 1 0
2.034 5.04 0 0 2.13347 1 0
2.038 5.04 0 0 2.13347 1 0
2.042 5.04 0 0 2.13347 1 0
2.046 5.04 0 0 2.13347 1 0
2.05 5.04 0 0 2.13347 1 0
2.054 5.04 0 0 2.13347 1 0
2.058 5.04 0 0 2.13347 1 0
2.062 5.04 0 0 2.13347 1 0
2.066 5.04 0 0 2.13347 1 0
2.07 5.04 0 0 2.13347 1 0
2.074 5.04 0 0 2.13347 1 0
2.078 5.04 0 0 2.13347 1 0
2.082 5.04 0 0 2.13347 1 0
2.086 5.04 0 0 2.13347 1 0
2.09 5.04 0 0 2.13347 1 0
2.094 5.04 0 0 2.13347 1 0
2.098 5.04 0 0 2.13347 1 0
2.102 5.04 0 0 2.13347 1 0
2.106 5.04 0 0 2.13347 1 0
2.11 5.04 0 0 2.13347 1 0
2.114 5.04 0 0 2.13347 1 0
2.118 5.04 0 0 2.13347 1 0
2.122 5.04 0 0 2.13347 1 0
2.126 5.04 0 0 2.13347 1 0
2.13 5.04 0 0 2.13347 1 0
2.134 5.04 0 0 2.13347 1 0
2.138 5.04 0 0 2.13347 1 0
2.142 5.04 0 0 2.13347 1 0
2.146 5.04 0 0 2.13347 1 0
2.15 5.04 0 0 2.13347 1 0
2.154 5.04 0 0 2.13347 1 0
2.158 5.04 0 0 2.13347 1 0
2.162 5.04 0 0 2.13347 1 0
2.166 5.04 0 0 2.13347 1 0
2.17 5.04 0 0 2.13347 1 0
2.174 5.04 0 0 2.13347 1 0
2.178 5.04 0 0 2.13347 1 0
2.182 5.04 0 0 2.13347 1 0
2.186 5.04 0 0 2.13347 1 0
2.19 5.04 0 0 2.13347 1 0
2.194 5.04 0 0 2.13347 1 0
2.198 5.04 0 0 2.13347 1 0
2.202 5.04 0 0 2.13347 1 0
2.206 5.04 0 0 2.13347 1 0
2.21 5.04 0 0 2.13347 1 0
2.214 5.04 0 0 2.13347 1 0
2.218 5.04 0 0 2.13347 1 0
2.222 5.04 0 0 2.13347 1 0
2.226 5.04 0 0 2.13347 1 0
2.23 5.04 0 0 2.13347 1 0
2.234 5.04 0 0 2.13347 1 0
2.238 5.04 0 0 2.13347 1 0
2.242 5.04 0 0 2.13347 1 0
2.246 5.04 0 0 2.13347 1 0
2.25 5.04 0 0 2.13347 1 0
2.254 5.04 0 0 2.13347 1 0
2.258 5.04 0 0 2.13347 1 0
2.262 5.04 0 0 2.13347 1 0
2.266 5.04 0 0 2.13347 1 0
2.27 5.04 0 0 2.13347 1 0
2.274 5.04 0 0 2.13347 1 0
2.278 5.04 0 0 2.13347 1 0
2.282 5.04 0 0 2.13347 1 0
2.286 5.04 0 0 2.13347 1 0
2.29 5.04 0 0 2.13347 1 0
2.294 5.04 0 0 2.13347 1 0
2.298 5.04 0 0 2.13347 1 0
2.302 5.04 0 0 2.13347 1 0
2.306 5.04 0 0 2.13347 1 0
2.31 5.04 0 0 2.13347 1 0
2.314 5.04 0 0 2.13347 1 0
2.318 5.04 0 0 2.13347 1 0
2.322 5.04 0 0 2.13347 1 0
2.326 5.04 0 0 2.13347 1 0
2.33 5.04 0 0 2.13347 1 0
2.334 5.04 0 0 2.13347 1 0
2.338 5.04 0 0 2.13347 1 0
2.342 5.04 0 0 2.13347 1 0
2.346 5.04 0 0 2.13347 1 0
2.35 5.04 0 0 2.13347 1 0
2.354 5.04 0 0 2.13347 1 0
2.358 5.04 0 0 2.13347 1 0
2.362 5.04 0 0 2.13347 1 0
2.366 5.04 0 0 2.13347 1 0
2.37 5.04 0 0 2.13347 1 0
2.374 5.04 0 0 2.13347 1 0
2.378 5.04 0 0 2.13347 1 0
2.382 5.04 0 0 2.13347 1 0
2.386 5.04 0 0 2.13347 1 0
2.39 5.04 0 0 2.13347 1 0
2.394 5.04 0 0 2.13347 1 0
2.398 5.04 0 0 2.13347 1 0
2.402 5.04 0 0 2.13347 1 0
2.406 5.04 0 0 2.13347 1 0
2.41 5.04 0 0 2.13347 1 0
2.414 5.04 0 0 2.13347 1 0
2.418 5.04 0 0 2.13347 1 0
2.422 5.04 0 0 2.13347 1 0
2.426 5.04 0 0 2.13347 1 0
2.43 5.04 0 0 2.13347 1 0
2.434 5.04 0 0 2.13347 1 0
2.438 5.04 0 0 2.13347 1 0
2.442 5.04 0 0 2.13347 1 0
2.446 5.04 0 0 2.13347 1 0
2.45 5.04 0 0 2.13347 1 0
2.454 5.04 0 0 2.13347 1 0
2.458 5.04 0 0 2.13347 1 0
2.462 5.04 0 0 2.13347 1 0
2.466 5.04 0 0 2.13347 1 0
2.47 5.04 0 0 2.13347 1 0
2.474 5.04 0 0 2.13347 1 0
2.478 5.04 0 0 2.13347 1 0
2.482 5.04 0 0 2.13347 1 0
2.486 5.04 0 0 2.13347 1 0
2.49 5.04 0 0 2.13347 1 0
2.494 5.04 0 0 2.13347 1 0
2.498 5.04 0 0 2.13347 1 0
2.502 5.04 0 0 2.13347 1 0
2.506 5.04 0 0 2.13347 1 0
2.51 5.04 0 0 2.13347 1 0
2.514 5.04 0 0 2.13347 1 0
2.518 5.04 0 0 2.13347 1 0
2.522 5.04 0 0 2.13347 1 0
2.526 5.04 0 0 2.13347 1 0
2.53 5.04 0 0 2.13347 1 0
2.534 5.04 0 0 2.13347 1 0
2.538 5.04 0 0 2.13347 1 0
2.542 5.04 0 0 2.13347 1 0
2.546 5.04 0 0 2.13347 1 0
2.55 5.04 0 0 2.13347 1 0
2.554 5.04 0 0 2.13347 1 0
2.558 5.04 0 0 2.13347 1 0
2.562 5.04 0 0 2.13347 1 0
2.566 5.04 0 0 2.13347 1 0
2.57 5.04 0 0 2.13347 1 0
2.574 5.04 0 0 2.13347 1 0
2.578 5.04 0 0 2.13347 1 0
2.582 5.04 0 0 2.13347 1 0
2.586 5.04 0 0 2.13347 1 0
2.59 5.04 0 0 2.13347 1 0
2.594 5.04 0 0 2.13347 1 0
2.598 5.04 0 0 2.13347 1 0
2.602 5.04 0 0 2.13347 1 0
2.606 5.04 0 0 2.13347 1 0
2.61 5.04 0 0 2.13347 1 0
2.614 5.04 0 0 2.13347 1 0
2.618 5.04 0 0 2.13347 1 0
2.622 5.04 0 0 2.13347 1 0
2.626 5.04 0 0 2.13347 1 0
2.63 5.04 0 0 2.13347 1 0
2.634 5.04 0 0 2.13347 1 0
2.638 5.04 0 0 2.13347 1 0
2.642 5.04 0 0 2.13347 1 0
2.646 5.04 0 0 2.13347 1 0
2.65 5.04 0 0 2.13347 1 0
2.654 5.04 0 0 2.13347 1 0
2.658 5.04 0 0 2.13347 1 0
2.662 5.04 0 0 2.13347 1 0
2.666 5.04 0 0 2.13347 1 0
2.67 5.04 0 0 2.13347 1 0
2.674 5.04 0 0 2.13347 1 0
2.678 5.04 0 0 2.13347 1 0
2.682 5.04 0 0 2.13347 1 0
2.686 5.04 0 0 2.13347 1 0
2.69 5.04 0 0 2.13347 1 0
2.694 5.04 0 0 2.13347 1 0
2.698 5.04 0 0 2.13347 1 0
2.702 5.04 0 0 2.13347 1 0
2.706 5.04 0 0 2.13347 1 0
2.71 5.04 0 0 2.13347 1 0
2.714 5.04 0 0 2.13347 1 0
2.718 5.04 0 0 2.13347 1 0
2.722 5.04 0 0 2.13347 1 0
2.726 5.04 0 0 2.13347 1 0
2.73 5.04 0 0 2.13347 1 0
2.734 5.04 0 0 2.13347 1 0
2.738 5.04 0 0 2.13347 1 0
2.742 5.04 0 0 2.13347 1 0
2.746 5.04 0 0 2.13347 1 0
2.75 5.04 0 0 2.13347 1 0
2.754 5.04 0 0 2.13347 1 0
2.758 5.04 0 0 2.13347 1 0
2.762 5.04 0 0 2.13347 1 0
2.766 5.04 0 0 2.13347 1 0
2.77 5.04 0 0 2.13347 1 0
2.774 5.04 0 0 2.13347 1 0
2.778 5.04 0 0 2.13347 1 0
2.782 5.04 0 0 2.13347 1 0
2.786 5.04 0 0 2.13347 1 0
2.79 5.04 0 0 2.13347 1 0
2.794 5.04 0 0 2.13347 1 0
2.798 5.04 0 0 2.13347 1 0
2.802 5.04 0 0 2.13347 1 0
2.806 5.04 0 0 2.13347 1 0
2.81 5.04 0 0 2.13347 1 0
2.814 5.04 0 0 2.13347 1 0
2.818 5.04 0 0 2.13347 1 0
2.822 5.04 0 0 2.13347 1 0
2.826 5.04 0 0 2.13347 1 0
2.83 5.04 0 0 2.13347 1 0
2.834 5.04 0 0 2.13347 1 0
2.838 5.04 0 0 2.13347 1 0
2.842 5.04 0 0 2.13347 1 0
2.846 5.04 0 0 2.13347 1 0
2.85 5.04 0 0 2.13347 1 0
2.854 5.04 0 0 2.13347 1 0
2.858 5.04 0 0 2.13347 1 0
2.862 5.04 0 0 2.13347 1 0
2.866 5.04 0 0 2.13347 1 0
2.87 5.04 0 0 2.13347 1 0
2.874 5.04 0 0 2.13347 1 0
2.878 5.04 0 0 2.13347 1 0
2.882 5.04 0 0 2.13347 1 0
2.886 5.04 0 0 2.13347 1 0
2.89 5.04 0 0 2.13347 1 0
2.894 4.1916 0 0 2.15183 1 0.21
2.898 1.1212 0 0 2.45057 1 0.97
2.902 1 0 0 2.5 1 1
2.906 1 0 0 2.5 1 1
2.91 1 0 0 2.5 1 1
2.914 1 0 0 2.5 1 1
2.918 1 0 0 2.5 1 1
2.922 1 0 0 2.5 1 1
2.926 1 0 0 2.5 1 1
2.93 1 0 0 2.5 1 1
2.934 1 0 0 2.5 1 1
2.938 1 0 0 2.5 1 1
2.942 1 0 0 2.5 1 1
2.946 1 0 0 2.5 1 1
2.95 1 0 0 2.5 1 1
2.954 1 0 0 2.5 1 1
2.958 1 0 0 2.5 1 1
2.962 1 0 0 2.5 1 1
2.966 1 0 0 2.5 1 1
2.97 1 0 0 2.5 1 1
2.974 1 0 0 2.5 1 1
2.978 1 0 0 2.5 1 1
2.982 1 0 0 2.5 1 1
2.986 1 0 0 2.5 1 1
2.99 1 0 0 2.5 1 1
2.994 1 0 0 2.5 1 1
2.998 1 0 0 2.5 1 1
3.002 1 0 0 2.5 1 1
3.006 1 0 0 2.5 1 1
3.01 1 0 0 2.5 1 1
3.014 1 0 0 2.5 1 1
3.018 1 0 0 2.5 1 1
3.022 1 0 0 2.5 1 1
3.026 1 0 0 2.5 1 1
3.03 1 0 0 2.5 1 1
3.034 1 0 0 2.5 1 1
3.038 1 0 0 2.5 1 1
3.042 1 0 0 2.5 1 1
3.046 1 0 0 2.5 1 1
3.05 1 0 0 2.5 1 1
3.054 1 0 0 2.5 1 1
3.058 1 0 0 2.5 1 1
3.062 1 0 0 2.5 1 1
3.066 1 0 0 2.5 1 1
3.07 1 0 0 2.5 1 1
3.074 1 0 0 2.5 1 1
3.078 1 0 0 2.5 1 1
3.082 1 0 0 2.5 1 1
3.086 1 0 0 2.5 1 1
3.09 1 0 0 2.5 1 1
3.094 1 0 0 2.5 1 1
3.098 1 0 0 2.5 1 1
3.102 1 0 0 2.5 1 1
3.106 1 0 0 2.5 1 1
3.11 1 0 0 2.5 1 1
3.114 1 0 0 2.5 1 1
3.118 1 0 0 2.5 1 1
3.122 1 0 0 2.5 1 1
3.126 1 0 0 2.5 1 1
3.13 1 0 0 2.5 1 1
3.134 1 0 0 2.5 1 1
3.138 1 0 0 2.5 1 1
3.142 1 0 0 2.5 1 1
3.146 1 0 0 2.5 1 1
3.15 1 0 0 2.5 1 1
3.154 1 0 0 2.5 1 1
3.158 1 0 0 2.5 1 1
3.162 1 0 0 2.5 1 1
3.166 1 0 0 2.5 1 1
3.17 1 0 0 2.5 1 1
3.174 1 0 0 2.5 1 1
3.178 1 0 0 2.5 1 1
3.182 1 0 0 2.5 1 1
3.186 1 0 0 2.5 1 1
3.19 1 0 0 2.5 1 1
3.194 1 0 0 2.5 1 1
3.198 1 0 0 2.5 1 1
3.202 1.411 -0.39 0 2.88448 1.628 1
3.206 1.411 -0.39 0 2.88448 1.628 1
3.21 1.411 -0.39 0 2.88448 1.628 1
3.214 1.411 -0.39 0 2.88448 1.628 1
3.218 1.411 -0.39 0 2.88448 1.628 1
3.222 1.411 -0.39 0 2.88448 1.628 1
3.226 1.411 -0.39 0 2.88448 1.628 1
3.23 1.411 -0.39 0 2.88448 1.628 1
3.234 1.411 -0.39 0 2.88448 1.628 1
3.238 1.411 -0.39 0 2.88448 1.628 1
3.242 1.411 -0.39 0 2.88448 1.628 1
3.246 1.411 -0.39 0 2.88448 1.628 1
3.25 1.411 -0.39 0 2.88448 1.628 1
3.254 1.411 -0.39 0 2.88448 1.628 1
3.258 1.411 -0.39 0 2.88448 1.628 1
3.262 1.411 -0.39 0 2.88448 1.628 1
3.266 1.411 -0.39 0 2.88448 1.628 1
3.27 1.411 -0.39 0 2.88448 1.628 1
3.274 1.411 -0.39 0 2.88448 1.628 1
3.278 1.411 -0.39 0 2.88448 1.628 1
3.282 1.411 -0.39 0 2.88448 1.628 1
3.286 1.411 -0.39 0 2.88448 1.628 1
3.29 1.411 -0.39 0 2.88448 1.628 1
3.294 1.411 -0.39 0 2.88448 1.628 1
3.298 1.411 -0.39 0 2.88448 1.628 1
3.302 1.411 -0.39 0 2.88448 1.628 1
3.306 1.411 -0.39 0 2.88448 1.628 1
3.31 1.411 -0.39 0 2.88448 1.628 1
3.314 1.411 -0.39 0 2.88448 1.628 1
3.318 1.411 -0.39 0 2.88448 1.628 1
3.322 1.411 -0.39 0 2.88448 1.628 1
3.326 1.411 -0.39 0 2.88448 1.628 1
3.33 1.411 -0.39 0 2.88448 1.628 1
3.334 1.411 -0.39 0 2.88448 1.628 1
3.338 1.411 -0.39 0 2.88448 1.628 1
3.342 1.411 -0.39 0 2.88448 1.628 1
3.346 1.411 -0.39 0 2.88448 1.628 1
3.35 1.411 -0.39 0 2.88448 1.628 1
3.354 1.411 -0.39 0 2.88448 1.628 1
3.358 1.411 -0.39 0 2.88448 1.628 1
3.362 1.411 -0.39 0 2.88448 1.628 1
3.366 1.411 -0.39 0 2.88448 1.628 1
3.37 1.411 -0.39 0 2.88448 1.628 1
3.374 1.411 -0.39 0 2.88448 1.628 1
3.378 1.411 -0.39 0 2.88448 1.628 1
3.382 1.411 -0.39 0 2.88448 1.628 1
3.386 1.411 -0.39 0 2.88448 1.628 1
3.39 1.411 -0.39 0 2.88448 1.628 1
3.394 1.411 -0.39 0 2.88448 1.628 1
3.398 1.411 -0.39 0 2.88448 1.628 1
3.402 1.411 -0.39 0 2.88448 1.628 1
3.406 1.411 -0.39 0 2.88448 1.628 1
3.41 1.411 -0.39 0 2.88448 1.628 1
3.414 1.411 -0.39 0 2.88448 1.628 1
3.418 1.411 -0.39 0 2.88448 1.628 1
3.422 1.411 -0.39 0 2.88448 1.628 1
3.426 1.411 -0.39 0 2.88448 1.628 1
3.43 1.411 -0.39 0 2.88448 1.628 1
3.434 1.411 -0.39 0 2.88448 1.628 1
3.438 1.411 -0.39 0 2.88448 1.628 1
3.442 1.411 -0.39 0 2.88448 1.628 1
3.446 1.411 -0.39 0 2.88448 1.628 1
3.45 1.411 -0.39 0 2.88448 1.628 1
3.454 1.411 -0.39 0 2.88448 1.628 1
3.458 1.411 -0.39 0 2.88448 1.628 1
3.462 1.411 -0.39 0 2.88448 1.628 1
3.466 1.411 -0.39 0 2.88448 1.628 1
3.47 1.411 -0.39 0 2.88448 1.628 1
3.474 1.411 -0.39 0 2.88448 1.628 1
3.478 1.411 -0.39 0 2.88448 1.628 1
3.482 1.411 -0.39 0 2.88448 1.628 1
3.486 1.411 -0.39 0 2.88448 1.628 1
3.49 1.411 -0.39 0 2.88448 1.628 1
3.494 1.411 -0.39 0 2.88448 1.628 1
3.498 1.411 -0.39 0 2.88448 1.628 1
3.502 1.411 -0.39 0 2.88448 1.628 1
3.506 1.411 -0.39 0 2.88448 1.628 1
3.51 1.411 -0.39 0 2.88448 1.628 1
3.514 1.411 -0.39 0 2.88448 1.628 1
3.518 1.411 -0.39 0 2.88448 1.628 1
3.522 1.411 -0.39 0 2.88448 1.628 1
3.526 1.411 -0.39 0 2.88448 1.628 1
3.53 1.411 -0.39 0 2.88448 1.628 1
3.534 1.411 -0.39 0 2.88448 1.628 1
3.538 1.411 -0.39 0 2.88448 1.628 1
3.542 1.411 -0.39 0 2.88448 1.628 1
3.546 1.411 -0.39 0 2.88448 1.628 1
3.55 1.411 -0.39 0 2.88448 1.628 1
3.554 1.411 -0.39 0 2.88448 1.628 1
3.558 1.411 -0.39 0 2.88448 1.628 1
3.562 1.411 -0.39 0 2.88448 1.628 1
3.566 1.411 -0.39 0 2.88448 1.628 1
3.57 1.411 -0.39 0 2.88448 1.628 1
3.574 1.411 -0.39 0 2.88448 1.628 1
3.578 1.411 -0.39 0 2.88448 1.628 1
3.582 1.411 -0.39 0 2.88448 1.628 1
3.586 1.411 -0.39 0 2.88448 1.628 1
3.59 1.411 -0.39 0 2.88448 1.628 1
3.594 1.411 -0.39 0 2.88448 1.628 1
3.598 1.411 -0.39 0 2.88448 1.628 1
3.602 1.411 -0.39 0 2.88448 1.628 1
3.606 1.411 -0.39 0 2.88448 1.628 1
3.61 1.411 -0.39 0 2.88448 1.628 1
3.614 1.411 -0.39 0 2.88448 1.628 1
3.618 1.411 -0.39 0 2.88448 1.628 1
3.622 1.411 -0.39 0 2.88448 1.628 1
3.626 1.411 -0.39 0 2.88448 1.628 1
3.63 1.411 -0.39 0 2.88448 1.628 1
3.634 1.411 -0.39 0 2.88448 1.628 1
3.638 1.411 -0.39 0 2.88448 1.628 1
3.642 1.411 -0.39 0 2.88448 1.628 1
3.646 1.411 -0.39 0 2.88448 1.628 1
3.65 1.411 -0.39 0 2.88448 1.628 1
3.654 1.411 -0.39 0 2.88448 1.628 1
3.658 1.411 -0.39 0 2.88448 1.628 1
3.662 1.411 -0.39 0 2.88448 1.628 1
3.666 1.411 -0.39 0 2.88448 1.628 1
3.67 1.411 -0.39 0 2.88448 1.628 1
3.674 1.411 -0.39 0 2.88448 1.628 1
3.678 1.411 -0.39 0 2.88448 1.628 1
3.682 1.411 -0.39 0 2.88448 1.628 1
3.686 1.411 -0.39 0 2.88448 1.628 1
3.69 1.411 -0.39 0 2.88448 1.628 1
3.694 1.411 -0.39 0 2.88448 1.628 1
3.698 1.411 -0.39 0 2.88448 1.628 1
3.702 1.411 -0.39 0 2.88448 1.628 1
3.706 1.411 -0.39 0 2.88448 1.628 1
3.71 1.411 -0.39 0 2.88448 1.628 1
3.714 1.411 -0.39 0 2.88448 1.628 1
3.718 1.411 -0.39 0 2.88448 1.628 1
3.722 1.411 -0.39 0 2.88448 1.628 1
3.726 1.411 -0.39 0 2.88448 1.628 1
3.73 1.411 -0.39 0 2.88448 1.628 1
3.734 1.411 -0.39 0 2.88448 1.628 1
3.738 1.411 -0.39 0 2.88448 1.628 1
3.742 1.411 -0.39 0 2.88448 1.628 1
3.746 1.411 -0.39 0 2.88448 1.628 1
3.75 1.411 -0.39 0 2.88448 1.628 1
3.754 1.411 -0.39 0 2.88448 1.628 1
3.758 1.411 -0.39 0 2.88448 1.628 1
3.762 1.411 -0.39 0 2.88448 1.628 1
3.766 1.411 -0.39 0 2.88448 1.628 1
3.77 1.411 -0.39 0 2.88448 1.628 1
3.774 1.411 -0.39 0 2.88448 1.628 1
3.778 1.411 -0.39 0 2.88448 1.628 1
3.782 1.411 -0.39 0 2.88448 1.628 1
3.786 1.411 -0.39 0 2.88448 1.628 1
3.79 1.411 -0.39 0 2.88448 1.628 1
3.794 1.411 -0.39 0 2.88448 1.628 1
3.798 1.411 -0.39 0 2.88448 1.628 1
3.802 1.411 -0.39 0 2.88448 1.628 1
3.806 1.411 -0.39 0 2.88448 1.628 1
3.81 1.411 -0.39 0 2.88448 1.628 1
3.814 1.411 -0.39 0 2.88448 1.628 1
3.818 1.411 -0.39 0 2.88448 1.628 1
3.822 1.411 -0.39 0 2.88448 1.628 1
3.826 1.411 -0.39 0 2.88448 1.628 1
3.83 1.411 -0.39 0 2.88448 1.628 1
3.834 1.411 -0.39 0 2.88448 1.628 1
3.838 1.411 -0.39 0 2.88448 1.628 1
3.842 1.411 -0.39 0 2.88448 1.628 1
3.846 1.411 -0.39 0 2.88448 1.628 1
3.85 1.411 -0.39 0 2.88448 1.628 1
3.854 1.411 -0.39 0 2.88448 1.628 1
3.858 1.411 -0.39 0 2.88448 1.628 1
3.862 1.411 -0.39 0 2.88448 1.628 1
3.866 1.411 -0.39 0 2.88448 1.628 1
3.87 1.411 -0.39 0 2.88448 1.628 1
3.874 1.411 -0.39 0 2.88448 1.628 1
3.878 1.411 -0.39 0 2.88448 1.628 1
3.882 1.411 -0.39 0 2.88448 1.628 1
3.886 1.411 -0.39 0 2.88448 1.628 1
3.89 1.411 -0.39 0 2.88448 1.628 1
3.894 1.411 -0.39 0 2.88448 1.628 1
3.898 1.411 -0.39 0 2.88448 1.628 1
3.902 1.411 -0.39 0 2.88448 1.628 1
3.906 1.411 -0.39 0 2.88448 1.628 1
3.91 1.411 -0.39 0 2.88448 1.628 1
3.914 1.411 -0.39 0 2.88448 1.628 1
3.918 1.411 -0.39 0 2.88448 1.628 1
3.922 1.411 -0.39 0 2.88448 1.628 1
3.926 1.411 -0.39 0 2.88448 1.628 1
3.93 1.411 -0.39 0 2.88448 1.628 1
3.934 1.411 -0.39 0 2.88448 1.628 1
3.938 1.411 -0.39 0 2.88448 1.628 1
3.942 1.411 -0.39 0 2.88448 1.628 1
3.946 1.411 -0.39 0 2.88448 1.628 1
3.95 1.411 -0.39 0 2.88448 1.628 1
3.954 1.411 -0.39 0 2.88448 1.628 1
3.958 1.411 -0.39 0 2.88448 1.628 1
3.962 1.411 -0.39 0 2.88448 1.628 1
3.966 1.411 -0.39 0 2.88448 1.628 1
3.97 1.411 -0.39 0 2.88448 1.628 1
3.974 1.411 -0.39 0 2.88448 1.628 1
3.978 1.411 -0.39 0 2.88448 1.628 1
3.982 1.411 -0.39 0 2.88448 1.628 1
3.986 1.411 -0.39 0 2.88448 1.628 1
3.99 1.411 -0.39 0 2.88448 1.628 1
3.994 1.411 -0.39 0 2.88448 1.628 1
3.998 1.411 -0.39 0 2.88448 1.628 1
4.002 1.411 -0.39 0 2.88448 1.628 1
4.006 1.411 -0.39 0 2.88448 1.628 1
