-0.006 1.54805 -0.294868 -0.00388708 2.96687 1.82284 0.997624
-0.002 1.55752 -0.294848 -0.00329402 2.96132 1.82259 0.996287
0.002 1.55738 -0.294854 -0.00328423 2.96144 1.82264 0.99631
0.006 1.54797 -0.294878 -0.00387553 2.96696 1.8229 0.997639
0.01 1.5437 -0.294796 -0.00416916 2.96954 1.82311 0.998252
0.014 1.54054 -0.29468 -0.00440492 2.97159 1.82338 0.998712
0.018 1.53823 -0.294511 -0.00457717 2.97315 1.82366 0.999055
0.022 1.53656 -0.294312 -0.00469288 2.97437 1.82397 0.999311
0.026 1.53538 -0.294088 -0.00476268 2.97532 1.82428 0.9995
0.03 1.53457 -0.293855 -0.00479298 2.97607 1.82462 0.999638
0.034 1.53404 -0.293621 -0.00478951 2.97668 1.82497 0.99974
0.038 1.53371 -0.293391 -0.00471755 2.97718 1.82534 0.999814
0.042 1.53354 -0.293171 -0.00460692 2.97762 1.82572 0.999868
0.046 1.53346 -0.29296 -0.00447423 2.97802 1.8261 0.999906
0.05 1.53344 -0.292751 -0.00429052 2.97839 1.82647 0.999934
0.054 1.53344 -0.292534 -0.00410583 2.97874 1.82681 0.999954
0.058 1.53344 -0.292304 -0.00389419 2.97908 1.8271 0.999968
0.062 1.53342 -0.292053 -0.00367201 2.97942 1.82734 0.999978
0.066 1.53336 -0.291782 -0.00343884 2.97976 1.82752 0.999984
0.07 1.53326 -0.291494 -0.00318888 2.98009 1.82764 0.999989
0.074 1.53312 -0.29119 -0.00292571 2.98043 1.8277 0.999993
0.078 1.53295 -0.290877 -0.00264506 2.98077 1.82772 0.999995
0.082 1.53275 -0.290565 -0.00234935 2.98114 1.82772 0.999997
0.086 1.53254 -0.29026 -0.00204116 2.98152 1.82771 0.999998
0.09 1.53233 -0.289968 -0.00172485 2.98191 1.8277 0.999998
0.094 1.53213 -0.289694 -0.00139497 2.98227 1.82768 0.999999
0.098 1.53195 -0.289439 -0.00105117 2.98258 1.82766 0.999999
0.102 1.5318 -0.289206 -0.000694684 2.98285 1.82764 1
0.106 1.53166 -0.288991 -0.000325807 2.98307 1.82762 1
0.11 1.53155 -0.288784 4.94885e-05 2.98326 1.8276 1
0.114 1.53146 -0.288579 0.000430729 2.98341 1.82758 1
0.118 1.53139 -0.288376 0.000818553 2.98353 1.82758 1
0.122 1.53135 -0.288175 0.00121335 2.98361 1.82758 1
0.126 1.53133 -0.287976 0.001619 2.98367 1.8276 1
0.13 1.53134 -0.28778 0.00204063 2.9837 1.82762 1
0.134 1.53137 -0.287588 0.00248109 2.98371 1.82767 1
0.138 1.53145 -0.287409 0.00293441 2.98368 1.82774 1
0.142 1.53157 -0.287255 0.00339586 2.98363 1.82785 1
0.146 1.53173 -0.287131 0.00386398 2.98357 1.82801 1
0.15 1.53194 -0.287039 0.00433741 2.98349 1.82822 1
0.154 1.5322 -0.286976 0.00481684 2.98342 1.82848 1
0.158 1.53249 -0.286937 0.00530304 2.98335 1.82878 1
0.162 1.53279 -0.286916 0.00579659 2.98329 1.82911 1
0.166 1.53309 -0.286906 0.00629481 2.98327 1.82945 1
0.17 1.53339 -0.286898 0.00680015 2.98327 1.8298 1
0.174 1.53367 -0.286887 0.00731096 2.98328 1.83015 1
0.178 1.53394 -0.28687 0.00782763 2.9833 1.83048 1
0.182 1.5342 -0.286844 0.00835389 2.98334 1.83081 1
0.186 1.53444 -0.286808 0.00888977 2.98339 1.83114 1
0.19 1.53468 -0.286765 0.00943501 2.98346 1.83146 1
0.194 1.5349 -0.286716 0.00998972 2.98355 1.83178 1
0.198 1.53512 -0.286671 0.0105532 2.98365 1.83211 1
0.202 1.53534 -0.28663 0.011125 2.98376 1.83243 1
0.206 1.53555 -0.286591 0.0117084 2.98388 1.83275 1
0.21 1.53574 -0.286549 0.0123039 2.984 1.83305 1
0.214 1.53591 -0.286497 0.0129103 2.98411 1.83333 1
0.218 1.53605 -0.286432 0.013528 2.9842 1.83356 1
0.222 1.53617 -0.28635 0.0141573 2.98429 1.83375 1
0.226 1.53626 -0.28625 0.0147973 2.98435 1.8339 1
0.23 1.53633 -0.286134 0.0154466 2.9844 1.83401 1
0.234 1.53638 -0.286006 0.0161061 2.98444 1.83409 1
0.238 1.53641 -0.28587 0.0167775 2.98446 1.83414 1
0.242 1.53642 -0.285726 0.017464 2.98447 1.83416 1
0.246 1.53642 -0.285579 0.0181672 2.98447 1.83416 1
0.25 1.53641 -0.285424 0.0188898 2.98446 1.83414 1
0.254 1.53639 -0.285262 0.0196333 2.98444 1.8341 1
0.258 1.53636 -0.285093 0.0203977 2.98442 1.83406 1
0.262 1.53633 -0.284914 0.0211839 2.98439 1.834 1
0.266 1.53629 -0.284721 0.0219937 2.98436 1.83394 1
0.27 1.53625 -0.284509 0.0228249 2.98433 1.83387 1
0.274 1.5362 -0.284276 0.0236781 2.98428 1.83378 1
0.278 1.53613 -0.28402 0.0245514 2.98423 1.83367 1
0.282 1.53606 -0.283742 0.02544 2.98417 1.83354 1
0.286 1.53598 -0.283444 0.02634 2.9841 1.83341 1
0.29 1.53589 -0.283135 0.0272515 2.98404 1.83326 1
0.294 1.53581 -0.282824 0.0281762 2.98397 1.83313 1
0.298 1.53574 -0.282518 0.0291099 2.98391 1.833 1
0.302 1.53567 -0.282223 0.0300479 2.98386 1.83289 1
0.306 1.53562 -0.281931 0.030988 2.98381 1.8328 1
0.31 1.53559 -0.281636 0.0319313 2.98378 1.83274 1
0.314 1.53556 -0.281337 0.0328868 2.98376 1.83269 1
0.318 1.53554 -0.281037 0.033874 2.98374 1.83267 1
0.322 1.53554 -0.280737 0.0349102 2.98374 1.83266 1
0.326 1.53556 -0.280436 0.0360034 2.98374 1.83268 1
0.33 1.53559 -0.28013 0.0371618 2.98376 1.83273 1
0.334 1.53562 -0.279813 0.0383817 2.98378 1.83278 1
0.338 1.53565 -0.279512 0.0396366 2.98381 1.83284 1
0.342 1.53569 -0.279245 0.0409112 2.98383 1.8329 1
0.346 1.53574 -0.279004 0.0422195 2.98387 1.83298 1
0.35 1.53581 -0.278778 0.0435779 2.98391 1.83309 1
0.354 1.5359 -0.278562 0.0450016 2.98398 1.83323 1
0.358 1.53601 -0.278351 0.0465042 2.98406 1.83342 1
0.362 1.53615 -0.278141 0.0480909 2.98416 1.83365 1
0.366 1.53632 -0.277928 0.0497646 2.98429 1.83393 1
0.37 1.53649 -0.277701 0.0515094 2.98442 1.83422 1
0.374 1.53665 -0.277438 0.0533001 2.98453 1.83447 1
0.378 1.53677 -0.277136 0.0551017 2.98462 1.83467 1
0.382 1.53685 -0.276794 0.0568827 2.98468 1.83479 1
0.386 1.53687 -0.276411 0.0586368 2.98469 1.83483 1
0.39 1.53685 -0.275994 0.06037 2.98467 1.8348 1
0.394 1.53676 -0.275522 0.0620829 2.9846 1.83465 1
0.398 1.53662 -0.275005 0.0637876 2.98448 1.8344 1
0.402 1.53644 -0.274464 0.0655214 2.98434 1.83411 1
0.406 1.53626 -0.273903 0.067323 2.98419 1.83379 0.999999
0.41 1.53606 -0.273324 0.0692223 2.98402 1.83345 0.999999
0.414 1.53586 -0.272722 0.071232 2.98385 1.83311 0.999998
0.418 1.53566 -0.272089 0.0733648 2.98367 1.83273 0.999997
0.422 1.53544 -0.271416 0.0756247 2.98346 1.83233 0.999994
0.426 1.53522 -0.270691 0.0780214 2.98322 1.8319 0.999989
0.43 1.53502 -0.269906 0.0805922 2.98296 1.83145 0.999981
0.434 1.53486 -0.269048 0.0834005 2.98265 1.83098 0.999966
0.438 1.53478 -0.268091 0.0865503 2.98228 1.8305 0.99994
0.442 1.53483 -0.266984 0.0902134 2.98182 1.83 0.999895
0.446 1.53511 -0.265651 0.0946794 2.9812 1.82947 0.999816
0.45 1.53567 -0.26414 0.0996471 2.98022 1.82873 0.999682
0.454 1.53688 -0.262706 0.103922 2.97882 1.82794 0.999453
0.458 1.53917 -0.261408 0.107192 2.97675 1.82708 0.99907
0.462 1.54323 -0.260275 0.109412 2.97362 1.82614 0.998432
0.466 1.55019 -0.259306 0.110683 2.96883 1.82515 0.997385
0.47 1.5618 -0.258476 0.111228 2.96149 1.82413 0.995686
0.474 1.58072 -0.257741 0.111333 2.95033 1.82313 0.992966
0.478 1.61095 -0.257125 0.11094 2.93343 1.82209 0.988671
0.482 1.65819 -0.256769 0.109347 2.9085 1.82091 0.981995
0.486 1.73048 -0.256796 0.106038 2.87309 1.81935 0.971797
0.49 1.83948 -0.257446 0.10083 2.82549 1.81791 0.956498
0.494 2.00008 -0.25902 0.0928505 2.76516 1.81633 0.933974
0.498 2.23141 -0.261918 0.0814526 2.69495 1.81497 0.90145
0.502 2.56101 -0.264975 0.0697812 2.61731 1.81434 0.855267
0.506 3.02526 -0.267656 0.0606491 2.53636 1.81374 0.790303
0.51 3.56418 -0.269976 0.0539422 2.46911 1.81294 0.714738
0.514 4.00618 -0.272018 0.0493618 2.42739 1.812 0.652627
0.518 4.32216 -0.273817 0.0465679 2.40269 1.81106 0.608115
0.522 4.51356 -0.275431 0.0451095 2.38904 1.80999 0.58104
0.526 4.60186 -0.276888 0.0445374 2.38259 1.80896 0.568486
0.53 4.62355 -0.278219 0.0444463 2.38022 1.80802 0.565374
0.534 4.60118 -0.279424 0.044866 2.38071 1.8072 0.56846
0.538 4.47114 -0.280358 0.0464258 2.38838 1.80653 0.586655
0.542 4.15007 -0.280904 0.0496865 2.41137 1.80599 0.63149
0.546 3.58657 -0.280784 0.055525 2.46239 1.80642 0.710522
0.55 3.00163 -0.279387 0.0654943 2.53572 1.80651 0.7924
0.554 2.56394 -0.276198 0.0808146 2.61288 1.80634 0.853533
0.558 2.26071 -0.272424 0.0956314 2.68236 1.80501 0.895845
0.562 2.06813 -0.269572 0.106192 2.73701 1.80367 0.922653
0.566 1.95915 -0.267504 0.112797 2.77226 1.80228 0.93777
0.57 1.90806 -0.266142 0.116242 2.78943 1.8009 0.944817
0.574 1.89236 -0.265333 0.117525 2.79366 1.79951 0.946948
0.578 1.89369 -0.264871 0.117673 2.79155 1.79823 0.946715
0.582 1.9229 -0.264705 0.116642 2.7802 1.79662 0.942368
0.586 2.0066 -0.265048 0.113792 2.75214 1.79489 0.930112
0.59 2.16163 -0.266323 0.108487 2.70672 1.79317 0.907557
0.594 2.32914 -0.268293 0.101961 2.66429 1.7919 0.883301
0.598 2.45318 -0.270486 0.0972684 2.63625 1.79068 0.865305
0.602 2.53665 -0.272587 0.0946525 2.61839 1.78928 0.853129
0.606 2.58697 -0.274534 0.0935739 2.60772 1.78786 0.845713
0.61 2.61303 -0.27627 0.0933531 2.60167 1.78632 0.841781
0.614 2.62354 -0.277775 0.0936113 2.59823 1.78463 0.840103
0.618 2.62585 -0.278905 0.094635 2.596 1.78291 0.839644
0.622 2.62414 -0.27951 0.0965544 2.59472 1.78105 0.83969
0.626 2.61688 -0.279765 0.0983156 2.59535 1.77853 0.840207
0.63 2.61249 -0.279955 0.0993344 2.59397 1.77566 0.840484
0.634 2.61127 -0.280038 0.0997162 2.59089 1.77253 0.840431
0.638 2.61375 -0.280038 0.0997579 2.58804 1.76914 0.839616
0.642 2.6261 -0.28001 0.0991317 2.58404 1.76549 0.837185
0.646 2.65325 -0.280004 0.0970686 2.57808 1.76151 0.832396
0.65 2.68949 -0.280185 0.0934726 2.56976 1.75726 0.826357
0.654 2.71799 -0.280674 0.0886083 2.56219 1.75294 0.821542
0.658 2.73818 -0.281188 0.0827927 2.55603 1.74857 0.817923
0.662 2.75204 -0.281355 0.0762239 2.55111 1.74437 0.815236
0.666 2.76107 -0.281226 0.0688799 2.54696 1.74013 0.813239
0.67 2.76682 -0.28099 0.0598513 2.54338 1.73602 0.811751
0.674 2.77024 -0.280784 0.0482665 2.54043 1.7323 0.81066
0.678 2.77182 -0.280711 0.0343175 2.53812 1.72904 0.8099
0.682 2.77226 -0.280758 0.0188748 2.53648 1.72653 0.809424
0.686 2.77233 -0.280634 0.00278753 2.53555 1.72509 0.80918
0.69 2.77201 -0.280357 -0.0133515 2.53517 1.72435 0.8091
0.694 2.77215 -0.280005 -0.0291218 2.53536 1.72462 0.809113
0.698 2.77175 -0.279856 -0.0442926 2.53632 1.72575 0.80932
0.702 2.77015 -0.27972 -0.0587244 2.53791 1.72783 0.809891
0.706 2.76626 -0.279543 -0.072002 2.54018 1.73057 0.810923
0.71 2.75946 -0.279326 -0.0837445 2.54332 1.73396 0.812486
0.714 2.74907 -0.278994 -0.093512 2.54715 1.7377 0.814649
0.718 2.734 -0.278545 -0.100966 2.55211 1.74158 0.817465
0.722 2.71776 -0.278029 -0.105996 2.55732 1.74543 0.82043
0.726 2.70361 -0.277533 -0.108853 2.56234 1.74917 0.823028
0.73 2.69126 -0.277153 -0.110155 2.56706 1.75267 0.825297
0.734 2.67993 -0.276948 -0.110566 2.57145 1.75592 0.827376
0.738 2.66902 -0.276865 -0.110602 2.57561 1.75903 0.829383
0.742 2.65796 -0.276905 -0.11052 2.57959 1.76191 0.831392
0.746 2.6456 -0.277045 -0.110534 2.58369 1.7647 0.833578
0.75 2.62877 -0.277232 -0.111236 2.58858 1.76743 0.836406
0.754 2.60249 -0.277573 -0.112989 2.59498 1.77003 0.840608
0.758 2.561 -0.277971 -0.114932 2.60371 1.77267 0.847127
0.762 2.51433 -0.278224 -0.116215 2.61321 1.7752 0.854442
0.766 2.48283 -0.278345 -0.116797 2.62006 1.77754 0.859485
0.77 2.46787 -0.278397 -0.116904 2.62434 1.7797 0.86197
0.774 2.46469 -0.278343 -0.116422 2.62717 1.78176 0.862573
0.778 2.47255 -0.278094 -0.114798 2.62696 1.78375 0.861697
0.782 2.50949 -0.277512 -0.111371 2.61846 1.78559 0.857012
0.786 2.58689 -0.276875 -0.106762 2.60108 1.78717 0.846716
0.79 2.65043 -0.276689 -0.103248 2.58874 1.78826 0.83801
0.794 2.68188 -0.277059 -0.101192 2.58355 1.78937 0.833729
0.798 2.68973 -0.277998 -0.100084 2.58365 1.79075 0.832698
0.802 2.68019 -0.27928 -0.0997117 2.5868 1.79221 0.83418
0.806 2.62679 -0.280774 -0.0998794 2.59731 1.79368 0.842028
0.81 2.49712 -0.282489 -0.101402 2.6234 1.79519 0.860752
0.814 2.27564 -0.284356 -0.105667 2.67451 1.79663 0.892449
0.818 2.05746 -0.285999 -0.111588 2.73748 1.7984 0.923441
0.822 1.89148 -0.287052 -0.115889 2.79534 1.80018 0.947034
0.826 1.77004 -0.287586 -0.118718 2.84463 1.80182 0.96432
0.83 1.6843 -0.287732 -0.120462 2.88387 1.8034 0.976563
0.834 1.62569 -0.287616 -0.121471 2.91324 1.80489 0.984975
0.838 1.58685 -0.287334 -0.121851 2.93404 1.80622 0.990585
0.842 1.56211 -0.286948 -0.12182 2.94803 1.80745 0.994199
0.846 1.54731 -0.286365 -0.12102 2.957 1.8087 0.996405
0.85 1.5394 -0.285498 -0.118779 2.96227 1.80985 0.997624
0.854 1.53607 -0.284327 -0.114594 2.96507 1.8109 0.998172
0.858 1.53535 -0.28291 -0.108228 2.96652 1.81179 0.998316
0.862 1.53612 -0.281469 -0.100454 2.96707 1.81251 0.998228
0.866 1.54082 -0.280205 -0.0933912 2.96502 1.81305 0.997599
0.87 1.55342 -0.279074 -0.0870181 2.95841 1.81354 0.99587
0.874 1.57943 -0.27801 -0.0811714 2.94474 1.81399 0.99225
0.878 1.62726 -0.276989 -0.0758105 2.92037 1.81439 0.985558
0.882 1.70919 -0.276009 -0.0709614 2.88147 1.81475 0.974085
0.886 1.84192 -0.275071 -0.0666575 2.82558 1.8151 0.955491
0.89 2.04665 -0.274176 -0.0629257 2.75359 1.81552 0.926793
0.894 2.34874 -0.273312 -0.0597716 2.6703 1.81612 0.88447
0.898 2.77543 -0.272483 -0.0572044 2.58356 1.81682 0.824697
0.902 3.35312 -0.271817 -0.0552372 2.50126 1.81726 0.743698
0.906 4.10473 -0.271307 -0.0537626 2.42853 1.8174 0.638298
0.91 4.92962 -0.27085 -0.0526512 2.37221 1.81743 0.523258
0.914 5.65597 -0.27038 -0.0518006 2.33586 1.81757 0.422149
0.918 6.27504 -0.269832 -0.051118 2.31164 1.81799 0.336103
0.922 6.79402 -0.269172 -0.050515 2.29479 1.8188 0.264236
0.926 7.22283 -0.268482 -0.0499275 2.28271 1.81996 0.205187
0.93 7.57053 -0.267898 -0.0493444 2.27385 1.82087 0.157383
0.934 7.84884 -0.267392 -0.0487306 2.26723 1.82163 0.11922
0.938 8.06943 -0.266915 -0.0480979 2.26224 1.82245 0.0891752
0.942 8.24113 -0.266383 -0.0474716 2.25862 1.82325 0.0658797
0.946 8.37209 -0.265676 -0.0468737 2.25597 1.82391 0.0481483
0.95 8.47072 -0.264782 -0.0462638 2.25391 1.82456 0.0349759
0.954 8.54438 -0.263808 -0.0455432 2.25243 1.82559 0.0255157
0.958 8.59872 -0.262906 -0.0446921 2.25153 1.82722 0.0190491
0.962 8.63894 -0.262156 -0.0437212 2.25088 1.82939 0.0149512
0.966 8.6687 -0.261592 -0.0426187 2.25049 1.83212 0.0126578
0.97 8.6879 -0.261118 -0.0415394 2.25062 1.83483 0.0116418
0.974 8.69737 -0.260652 -0.0405478 2.25144 1.83715 0.0113909
0.978 8.69971 -0.260263 -0.0396218 2.25255 1.83889 0.0116247
0.982 8.69415 -0.26007 -0.0387625 2.25313 1.84016 0.0130145
0.986 8.66941 -0.260115 -0.0379703 2.25482 1.84133 0.016538
0.99 8.6282 -0.260665 -0.0370844 2.25731 1.84429 0.0232983
0.994 8.5594 -0.261583 -0.0362015 2.2603 1.84836 0.0346143
0.998 8.43629 -0.262082 -0.0356387 2.2631 1.84952 0.052094
1.002 8.24042 -0.262155 -0.0354008 2.26729 1.84774 0.0776945
1.006 7.95958 -0.261463 -0.0355431 2.27188 1.84261 0.113759
1.01 7.58769 -0.26088 -0.0357633 2.27875 1.838 0.163035
1.014 7.10803 -0.261047 -0.0359477 2.29049 1.83643 0.228673
1.018 6.49936 -0.262168 -0.0361502 2.3088 1.83886 0.314122
1.022 5.7291 -0.263573 -0.0367579 2.3355 1.84091 0.422213
1.026 4.90378 -0.263957 -0.0387069 2.37455 1.83694 0.534826
1.03 4.18361 -0.263566 -0.0408618 2.42061 1.83168 0.633002
1.034 3.58013 -0.264051 -0.0426704 2.47487 1.82968 0.716144
1.038 3.08725 -0.265396 -0.0436936 2.53587 1.83108 0.784853
1.042 2.69234 -0.267425 -0.0437246 2.60244 1.83498 0.84025
1.046 2.38154 -0.269197 -0.0429863 2.67084 1.83886 0.883788
1.05 2.14246 -0.27085 -0.0423673 2.73711 1.84195 0.91716
1.054 1.96413 -0.272657 -0.0424228 2.79783 1.84558 0.942134
1.058 1.83525 -0.274956 -0.0433497 2.8508 1.85079 0.960392
1.062 1.74429 -0.277459 -0.0446 2.89472 1.85685 0.973433
1.066 1.6807 -0.279194 -0.0452805 2.9284 1.86136 0.982531
1.07 1.63686 -0.280092 -0.0452372 2.95251 1.86381 0.988733
1.074 1.60704 -0.280293 -0.0443479 2.96879 1.86449 0.992869
1.078 1.58725 -0.280166 -0.0425902 2.97935 1.86431 0.995569
1.082 1.57412 -0.279805 -0.0403321 2.98571 1.86332 0.997296
1.086 1.56544 -0.279287 -0.0378223 2.98928 1.86185 0.998378
1.09 1.55973 -0.278794 -0.035239 2.99118 1.86031 0.999044
1.094 1.55592 -0.27844 -0.0326974 2.99226 1.85888 0.999445
1.098 1.55328 -0.278141 -0.0302738 2.99283 1.85754 0.999683
1.102 1.55133 -0.277894 -0.0280137 2.99301 1.85616 0.999821
1.106 1.54981 -0.277691 -0.0258537 2.9929 1.85476 0.999901
1.11 1.5486 -0.277521 -0.0237236 2.99257 1.85338 0.999946
1.114 1.54755 -0.277384 -0.0217176 2.9921 1.85198 0.999971
1.118 1.5466 -0.277258 -0.0197742 2.99154 1.85059 0.999984
1.122 1.54576 -0.277145 -0.0178746 2.99099 1.84929 0.999992
1.126 1.54501 -0.277057 -0.0160056 2.99046 1.8481 0.999996
1.13 1.54435 -0.277006 -0.014183 2.98996 1.84701 0.999998
1.134 1.54377 -0.276986 -0.0124172 2.98951 1.84605 0.999999
1.138 1.54329 -0.276964 -0.010698 2.98914 1.84524 0.999999
1.142 1.5429 -0.276913 -0.00899254 2.98883 1.84458 1
1.146 1.54258 -0.27683 -0.00733456 2.98859 1.84406 1
1.15 1.54233 -0.276758 -0.00573941 2.9884 1.84363 1
1.154 1.54213 -0.276716 -0.00422342 2.98825 1.84331 1
1.158 1.542 -0.276691 -0.00277663 2.98816 1.8431 1
1.162 1.54194 -0.276677 -0.00139274 2.98811 1.843 1
1.166 1.54194 -0.276656 -5.23401e-05 2.98812 1.843 1
1.17 1.54201 -0.276619 0.00125235 2.98817 1.84312 1
1.174 1.54217 -0.276561 0.00254392 2.98829 1.84338 1
1.178 1.54241 -0.276506 0.0038314 2.98849 1.84379 1
1.182 1.5427 -0.276472 0.00505828 2.98872 1.84428 1
1.186 1.54299 -0.276465 0.00618537 2.98896 1.84478 1
1.19 1.54329 -0.276478 0.00723088 2.9892 1.84528 1
1.194 1.54361 -0.276524 0.00819827 2.98946 1.84582 1
1.198 1.54402 -0.276615 0.00911408 2.98979 1.84652 1
1.202 1.54454 -0.276739 0.0100252 2.99019 1.84739 1
1.206 1.54514 -0.276861 0.0109058 2.99065 1.84839 1
1.21 1.54575 -0.276931 0.0117125 2.99112 1.84941 1
1.214 1.54635 -0.276932 0.0124002 2.99155 1.85039 1
1.218 1.54687 -0.276874 0.013035 2.99194 1.85126 1
1.222 1.54733 -0.276739 0.0136713 2.99229 1.85202 1
1.226 1.54772 -0.276513 0.0143215 2.99259 1.85268 1
1.23 1.5481 -0.276226 0.015001 2.99289 1.85332 1
1.234 1.54849 -0.275924 0.015718 2.9932 1.85398 1
1.238 1.54884 -0.275659 0.0164945 2.99348 1.85457 1
1.242 1.54912 -0.275458 0.017273 2.99369 1.85503 1
1.246 1.54929 -0.275329 0.017999 2.99381 1.85531 1
1.25 1.5494 -0.275242 0.0186621 2.99389 1.85549 1
1.254 1.54952 -0.275139 0.019312 2.99397 1.85569 1
1.258 1.54968 -0.274984 0.0200365 2.99408 1.85595 1
1.262 1.54987 -0.274806 0.0209002 2.99423 1.85627 1
1.266 1.55008 -0.27462 0.0218269 2.99437 1.85661 1
1.27 1.55027 -0.274452 0.0227376 2.99451 1.85692 1
1.274 1.55042 -0.274324 0.0235756 2.99461 1.85716 1
1.278 1.5505 -0.274227 0.0243648 2.99466 1.85729 1
1.282 1.55057 -0.274133 0.0251208 2.9947 1.85739 1
1.286 1.55071 -0.274023 0.0258801 2.99478 1.85761 1
1.29 1.55093 -0.273859 0.0265849 2.99492 1.85797 1
1.294 1.55118 -0.273656 0.0272219 2.99509 1.85837 1
1.298 1.55142 -0.27342 0.0278295 2.99526 1.85876 1
1.302 1.55166 -0.273107 0.0284694 2.99544 1.85916 1
1.306 1.55194 -0.272783 0.0290835 2.99567 1.85964 1
1.31 1.55211 -0.272547 0.0296591 2.99581 1.85993 1
1.314 1.55238 -0.27235 0.0301132 2.99602 1.86038 1
1.318 1.55277 -0.272178 0.0304308 2.99633 1.86104 1
1.322 1.55329 -0.272011 0.0306965 2.99673 1.86192 1
1.326 1.55388 -0.271868 0.0308947 2.99719 1.86291 1
1.33 1.55448 -0.271797 0.0310554 2.99766 1.86393 1
1.334 1.55506 -0.271776 0.0311776 2.99812 1.8649 1
1.338 1.5556 -0.271797 0.0312706 2.99857 1.86583 1
1.342 1.55611 -0.271837 0.0313395 2.99899 1.8667 1
1.346 1.55661 -0.271852 0.0314211 2.99941 1.86756 1
1.35 1.55711 -0.27186 0.0315615 2.99982 1.86842 1
1.354 1.55745 -0.271923 0.0316883 3.00009 1.869 1
1.358 1.55763 -0.272059 0.0317916 3.00024 1.86931 1
1.362 1.55762 -0.272211 0.0318667 3.00025 1.8693 1
1.366 1.55746 -0.272375 0.0319171 3.00014 1.86904 1
1.37 1.55719 -0.272578 0.0319264 2.99995 1.8686 1
1.374 1.55685 -0.272778 0.0317797 2.99969 1.86803 1
1.378 1.55648 -0.272929 0.0314343 2.99942 1.86742 1
1.382 1.55611 -0.273063 0.0309217 2.99914 1.8668 1
1.386 1.55562 -0.273203 0.0303188 2.99876 1.86597 1
1.39 1.55505 -0.273362 0.0295288 2.99832 1.86501 1
1.394 1.55447 -0.27351 0.028509 2.99787 1.86404 1
1.398 1.55391 -0.273667 0.0271968 2.99745 1.8631 1
1.402 1.55338 -0.273799 0.0257523 2.99704 1.86221 1
1.406 1.55286 -0.273886 0.0242034 2.99665 1.86135 1
1.41 1.55227 -0.273952 0.0225307 2.99622 1.86038 1
1.414 1.55164 -0.274074 0.0207812 2.99574 1.85933 1
1.418 1.55097 -0.274188 0.0189394 2.99525 1.85822 1
1.422 1.55014 -0.274259 0.0169756 2.99463 1.85684 1
1.426 1.54909 -0.27431 0.0149137 2.99384 1.85509 1
1.43 1.54794 -0.274279 0.0129012 2.99297 1.85318 1
1.434 1.54665 -0.274253 0.0108807 2.99199 1.85103 1
1.438 1.54512 -0.274279 0.00880075 2.99081 1.84846 1
1.442 1.54352 -0.274385 0.00671236 2.98958 1.84579 1
1.446 1.54195 -0.274598 0.00467079 2.98837 1.84317 1
1.45 1.54045 -0.274813 0.00270689 2.98719 1.84065 1
1.454 1.53898 -0.274984 0.00080533 2.98604 1.83818 1
1.458 1.53746 -0.275132 -0.00103005 2.98484 1.83563 1
1.462 1.53593 -0.275296 -0.00271465 2.98364 1.83307 1
1.466 1.53445 -0.275419 -0.00423435 2.98248 1.83059 1
1.47 1.53309 -0.275457 -0.00559812 2.98141 1.8283 1
1.474 1.53178 -0.275419 -0.00685645 2.9804 1.82613 1
1.478 1.53055 -0.275323 -0.00799079 2.97945 1.82408 1
1.482 1.52942 -0.275236 -0.00898289 2.97859 1.82221 1
1.486 1.52841 -0.275198 -0.00983154 2.97782 1.82054 1
1.49 1.52759 -0.275182 -0.0105198 2.97721 1.81918 1
1.494 1.52694 -0.275181 -0.0110944 2.97672 1.81811 1
1.498 1.52638 -0.27518 -0.0116171 2.97632 1.8172 1
1.502 1.52595 -0.275179 -0.0119741 2.976 1.81649 1
1.506 1.52558 -0.275189 -0.0122336 2.97574 1.8159 1
1.51 1.52532 -0.275233 -0.0124523 2.97555 1.81546 1
1.514 1.52516 -0.275266 -0.0126464 2.97544 1.81521 1
1.518 1.52508 -0.275295 -0.0127715 2.97538 1.81508 1
1.522 1.52508 -0.275345 -0.0128312 2.97538 1.81507 1
1.526 1.52513 -0.275432 -0.0128844 2.97541 1.81516 1
1.53 1.52526 -0.27552 -0.0129465 2.97551 1.81536 1
1.534 1.52543 -0.275567 -0.0130605 2.97563 1.81565 1
1.538 1.52567 -0.275554 -0.0133028 2.97581 1.81604 1
1.542 1.52594 -0.275509 -0.0136636 2.97602 1.81649 1
1.546 1.52617 -0.275423 -0.0141297 2.9762 1.81687 1
1.55 1.52626 -0.275343 -0.0146418 2.97627 1.81702 1
1.554 1.52622 -0.275241 -0.0151645 2.97623 1.81695 1
1.558 1.52614 -0.275138 -0.0157006 2.97616 1.81681 1
1.562 1.52611 -0.275027 -0.0162866 2.9761 1.81674 1
1.566 1.52618 -0.274858 -0.0169412 2.97614 1.81685 1
1.57 1.52635 -0.274676 -0.017693 2.97627 1.81714 1
1.574 1.52654 -0.27454 -0.0185242 2.97642 1.81745 1
1.578 1.52664 -0.274518 -0.0193848 2.9765 1.81761 1
1.582 1.52672 -0.274559 -0.0202684 2.97657 1.81775 1
1.586 1.52691 -0.274592 -0.0211599 2.97671 1.81806 1
1.59 1.52721 -0.274595 -0.0220121 2.97695 1.81858 1
1.594 1.5276 -0.274533 -0.0228218 2.97726 1.81923 1
1.598 1.52801 -0.274454 -0.0235061 2.97758 1.81991 1
1.602 1.52836 -0.274429 -0.0240371 2.97786 1.8205 1
1.606 1.52874 -0.274455 -0.0244809 2.97816 1.82113 1
1.61 1.5292 -0.27449 -0.0248403 2.97852 1.82191 1
1.614 1.52972 -0.274509 -0.0250898 2.97894 1.82278 1
1.618 1.53028 -0.274524 -0.0252142 2.9794 1.82373 1
1.622 1.53095 -0.274534 -0.0252261 2.97994 1.82485 1
1.626 1.53174 -0.274545 -0.0251286 2.98057 1.82619 1
1.63 1.53267 -0.274592 -0.0248569 2.98131 1.82775 1
1.634 1.5337 -0.274692 -0.0243979 2.98213 1.82948 1
1.638 1.53484 -0.274849 -0.0238003 2.98302 1.83138 1
1.642 1.53599 -0.275041 -0.0231987 2.98393 1.83332 1
1.646 1.5371 -0.275252 -0.0226791 2.9848 1.83517 1
1.65 1.53809 -0.275508 -0.0222399 2.98557 1.83683 1
1.654 1.539 -0.275812 -0.0218772 2.98627 1.83836 1
1.658 1.53991 -0.276098 -0.021649 2.98698 1.83987 1
1.662 1.54088 -0.276334 -0.0215533 2.98772 1.84149 1
1.666 1.5419 -0.276508 -0.0215982 2.98851 1.84319 1
1.67 1.54293 -0.276626 -0.0217413 2.98931 1.84492 1
1.674 1.54399 -0.27668 -0.021946 2.99013 1.84669 1
1.678 1.54496 -0.276709 -0.0222323 2.9909 1.84833 1
1.682 1.54588 -0.276759 -0.0225743 2.99162 1.84988 1
1.686 1.54676 -0.276798 -0.0229538 2.99232 1.85136 1
1.69 1.54764 -0.276835 -0.0233535 2.99302 1.85284 1
1.694 1.54854 -0.27687 -0.0237717 2.99373 1.85436 1
1.698 1.54951 -0.276907 -0.024146 2.99449 1.85599 1
1.702 1.55057 -0.276903 -0.0244445 2.99531 1.85777 1
1.706 1.55168 -0.27687 -0.0247901 2.99617 1.85963 1
1.71 1.55275 -0.276858 -0.0252102 2.99699 1.86143 1
1.714 1.55377 -0.276917 -0.0256926 2.99778 1.86315 1
1.718 1.55477 -0.276957 -0.0262603 2.99855 1.86482 1
1.722 1.55567 -0.276922 -0.0269785 2.99924 1.86633 1
1.726 1.5564 -0.276774 -0.0276979 2.9998 1.86755 1
1.73 1.55706 -0.276585 -0.0283822 3.0003 1.86866 1
1.734 1.55771 -0.276506 -0.0289895 3.0008 1.86976 1
1.738 1.55843 -0.276548 -0.0294136 3.00135 1.87096 1
1.742 1.55933 -0.276667 -0.0296427 3.00205 1.87248 1
1.746 1.56023 -0.276745 -0.0297188 3.00273 1.87398 1
1.75 1.56127 -0.276758 -0.0296455 3.00353 1.87573 1
1.754 1.56231 -0.276667 -0.0294145 3.00432 1.87747 1
1.758 1.56338 -0.276516 -0.0290115 3.00512 1.87926 1
1.762 1.56457 -0.276356 -0.0283929 3.00602 1.88125 1
1.766 1.56573 -0.276124 -0.0275486 3.00691 1.8832 1
1.77 1.5668 -0.275852 -0.0265008 3.00773 1.88501 1
1.774 1.56786 -0.275635 -0.0253541 3.00853 1.88679 1
1.778 1.56882 -0.275457 -0.0240589 3.00926 1.88839 1
1.782 1.56962 -0.275305 -0.0225766 3.00986 1.88974 1
1.786 1.57026 -0.275093 -0.0209401 3.01034 1.8908 1
1.79 1.57071 -0.274671 -0.0192529 3.01067 1.89155 1
1.794 1.57128 -0.274166 -0.0174368 3.01109 1.89251 1
1.798 1.57205 -0.273788 -0.015608 3.01167 1.8938 1
1.802 1.573 -0.273498 -0.0138839 3.01239 1.89539 1
1.806 1.5741 -0.273208 -0.0126712 3.01322 1.89724 1
1.81 1.57505 -0.27291 -0.0117686 3.01394 1.89883 1
1.814 1.57577 -0.272565 -0.0110693 3.01449 1.90006 1
1.818 1.57607 -0.272193 -0.010576 3.01473 1.90057 1
1.822 1.57594 -0.271922 -0.0101992 3.01466 1.90037 1
1.826 1.57552 -0.271906 -0.0100957 3.01439 1.89969 1
1.83 1.5749 -0.272041 -0.0104004 3.01397 1.89868 1
1.834 1.5741 -0.272304 -0.0107848 3.01341 1.89737 1
1.838 1.573 -0.272594 -0.011496 3.01261 1.89554 1
1.842 1.57157 -0.272852 -0.0125444 3.01154 1.89314 1
1.846 1.56961 -0.273174 -0.0139674 3.01005 1.88985 1
1.85 1.56688 -0.27359 -0.0157591 3.00796 1.88525 1
1.854 1.56349 -0.274077 -0.0178749 3.00536 1.87954 1
1.858 1.55978 -0.274509 -0.020422 3.00252 1.87331 1
1.862 1.55589 -0.274822 -0.0233772 2.99952 1.86677 1
1.866 1.55181 -0.27515 -0.0266865 2.99638 1.85992 1
1.87 1.54772 -0.275472 -0.0302892 2.99324 1.85308 1
1.874 1.54367 -0.275927 -0.0339038 2.99012 1.8463 1
1.878 1.53991 -0.276484 -0.0372695 2.98722 1.84001 1
1.882 1.53668 -0.276897 -0.0401427 2.98473 1.83463 1
1.886 1.53387 -0.277175 -0.0426857 2.98256 1.82995 1
1.89 1.53147 -0.277369 -0.0449341 2.9807 1.82594 1
1.894 1.52993 -0.277442 -0.0468076 2.97951 1.82338 1
1.898 1.52888 -0.277417 -0.0485627 2.9787 1.82163 1
1.902 1.52818 -0.277377 -0.0500039 2.97815 1.82046 1
1.906 1.52777 -0.277325 -0.0511393 2.97782 1.81977 1
1.91 1.52768 -0.277244 -0.0520781 2.97773 1.8196 1
1.914 1.52799 -0.277234 -0.0527022 2.97796 1.82012 1
1.918 1.52871 -0.277303 -0.0529481 2.97849 1.8213 1
1.922 1.5297 -0.277415 -0.0528957 2.97925 1.82295 1
1.926 1.53087 -0.277535 -0.0526837 2.98015 1.8249 1
1.93 1.53219 -0.277641 -0.0523504 2.98117 1.82709 1
1.934 1.53358 -0.277709 -0.0518785 2.98224 1.82941 1
1.938 1.53513 -0.277738 -0.0512337 2.98344 1.83198 1
1.942 1.53683 -0.277677 -0.0503589 2.98476 1.83483 1
1.946 1.53868 -0.277435 -0.0493005 2.98619 1.83791 1
1.95 1.54062 -0.276986 -0.0480776 2.9877 1.84117 1
1.954 1.54266 -0.276513 -0.0467293 2.98928 1.84458 1
1.958 1.5448 -0.276145 -0.0452986 2.99093 1.84815 1
1.962 1.54705 -0.275796 -0.043813 2.99266 1.85191 1
1.966 1.54917 -0.275441 -0.0423318 2.99429 1.85547 1
1.97 1.55117 -0.275098 -0.0408459 2.99583 1.85882 1
1.974 1.55304 -0.274808 -0.0394077 2.99727 1.86196 1
1.978 1.55481 -0.274587 -0.0381261 2.99865 1.86493 1
1.982 1.55653 -0.274392 -0.0370034 2.99998 1.86783 1
1.986 1.55829 -0.274217 -0.0360325 3.00135 1.87079 1
1.99 1.56008 -0.274112 -0.0351892 3.00273 1.8738 1
1.994 1.56186 -0.274073 -0.0344503 3.0041 1.8768 1
1.998 1.56362 -0.274062 -0.0337902 3.00545 1.87976 1
2.002 1.56534 -0.274062 -0.0331274 3.00677 1.88265 1
2.006 1.56707 -0.274116 -0.0324328 3.0081 1.88556 1
2.01 1.56884 -0.274248 -0.03171 3.00944 1.88853 1
2.014 1.57065 -0.274428 -0.0309064 3.01082 1.89158 1
2.018 1.57253 -0.274571 -0.0299343 3.01225 1.89475 1
2.022 1.57458 -0.274613 -0.0288029 3.01381 1.8982 1
2.026 1.57684 -0.274501 -0.0276136 3.01553 1.90201 1
2.03 1.57938 -0.27428 -0.0263733 3.01745 1.90628 1
2.034 1.58214 -0.273989 -0.0250637 3.01956 1.91094 1
2.038 1.58499 -0.273649 -0.0234493 3.02173 1.91577 1
2.042 1.58791 -0.273239 -0.0215281 3.02396 1.92071 1
2.046 1.5907 -0.272776 -0.0193849 3.0261 1.92544 1
2.05 1.59337 -0.272386 -0.0172534 3.02814 1.92998 1
2.054 1.59649 -0.271893 -0.01569 3.03053 1.93529 1
2.058 1.5992 -0.271342 -0.0144867 3.03259 1.93988 1
2.062 1.60123 -0.271009 -0.0134557 3.03412 1.94333 1
2.066 1.60259 -0.270659 -0.0125662 3.03514 1.94563 1
2.07 1.60331 -0.270277 -0.0118828 3.0357 1.94687 1
2.074 1.6037 -0.270015 -0.0115883 3.03603 1.94755 1
2.078 1.60387 -0.270249 -0.0115187 3.0362 1.94788 1
2.082 1.60401 -0.270804 -0.0115444 3.03634 1.94812 1
2.086 1.60359 -0.271275 -0.0117383 3.03602 1.94741 1
2.09 1.60245 -0.271487 -0.0121386 3.03516 1.94548 1
2.094 1.60044 -0.271903 -0.0128283 3.03363 1.94206 1
2.098 1.59749 -0.272492 -0.0137799 3.0314 1.93706 1
2.102 1.59374 -0.273116 -0.0154947 3.02855 1.93068 1
2.106 1.58956 -0.273873 -0.0179463 3.02537 1.9236 1
2.11 1.58448 -0.274591 -0.0212706 3.0215 1.915 1
2.114 1.5789 -0.275343 -0.0253302 3.01725 1.90558 1
2.118 1.57245 -0.276048 -0.0297085 3.01231 1.89469 1
2.122 1.56606 -0.27675 -0.03419 3.00741 1.88392 1
2.126 1.56002 -0.277285 -0.0382998 3.00276 1.87375 1
2.13 1.55459 -0.27777 -0.0418616 2.99856 1.86461 1
2.134 1.54973 -0.278307 -0.0448096 2.99479 1.85644 1
2.138 1.54582 -0.278562 -0.0470318 2.99175 1.84989 1
2.142 1.54284 -0.278642 -0.0486487 2.98944 1.84489 1
2.146 1.54046 -0.278685 -0.0498073 2.9876 1.84091 1
2.15 1.53839 -0.278638 -0.0505238 2.986 1.83746 1
2.154 1.53656 -0.2785 -0.0508128 2.98459 1.83441 1
2.158 1.53499 -0.278321 -0.0507435 2.98337 1.83178 1
2.162 1.53365 -0.278119 -0.050329 2.98234 1.82954 1
2.166 1.53244 -0.277771 -0.0496338 2.98141 1.82753 1
2.17 1.53129 -0.277267 -0.0485936 2.98053 1.82562 1
2.174 1.53016 -0.276754 -0.047374 2.97966 1.82374 1
2.178 1.52921 -0.276204 -0.0460933 2.97893 1.82217 1
2.182 1.52848 -0.275666 -0.0446856 2.97837 1.82095 1
2.186 1.52801 -0.275205 -0.0431528 2.97801 1.82017 1
2.19 1.52784 -0.274821 -0.0414407 2.97789 1.81989 1
2.194 1.52794 -0.274525 -0.0396508 2.97799 1.82007 1
2.198 1.52829 -0.274354 -0.0378056 2.9783 1.82068 1
2.202 1.52883 -0.274237 -0.0359184 2.97875 1.82161 1
2.206 1.52963 -0.27413 -0.0340106 2.9794 1.82295 1
2.21 1.5307 -0.274011 -0.0320555 2.98027 1.82476 1
2.214 1.53201 -0.273919 -0.0300533 2.98132 1.82696 1
2.218 1.53353 -0.273868 -0.028016 2.98254 1.82953 1
2.222 1.53525 -0.273835 -0.0259722 2.9839 1.83241 1
2.226 1.53701 -0.273788 -0.0239549 2.98529 1.83538 1
2.23 1.53876 -0.273735 -0.0219635 2.98666 1.83831 1
2.234 1.5405 -0.273622 -0.0199539 2.98802 1.84122 1
2.238 1.54216 -0.273469 -0.0179718 2.98931 1.84399 1
2.242 1.54378 -0.273296 -0.0160378 2.99056 1.84671 1
2.246 1.54523 -0.27315 -0.0142048 2.99167 1.84913 1
2.25 1.54661 -0.273001 -0.0124605 2.99272 1.85143 1
2.254 1.54793 -0.27282 -0.0108127 2.99373 1.85363 1
2.258 1.54907 -0.272729 -0.00928588 2.99458 1.85552 1
2.262 1.55014 -0.272675 -0.00784988 2.99539 1.85731 1
2.266 1.55116 -0.272546 -0.00651844 2.99615 1.859 1
2.27 1.55215 -0.272415 -0.00530226 2.99688 1.86064 1
2.274 1.55307 -0.272273 -0.00424499 2.99756 1.86217 1
2.278 1.55392 -0.272131 -0.0033729 2.9982 1.86359 1
2.282 1.55471 -0.271972 -0.00262263 2.99878 1.86489 1
2.286 1.55539 -0.27176 -0.00196604 2.99928 1.86602 1
2.29 1.55597 -0.271528 -0.00142561 2.9997 1.86698 1
2.294 1.55642 -0.271363 -0.00101196 3.00004 1.86773 1
2.298 1.55672 -0.271279 -0.000699087 3.00026 1.86823 1
2.302 1.55688 -0.271252 -0.000456276 3.00038 1.86849 1
2.306 1.55695 -0.271271 -0.000271437 3.00043 1.86861 1
2.31 1.55697 -0.271324 -0.000114495 3.00046 1.86865 1
2.314 1.55694 -0.271418 9.83867e-06 3.00045 1.86861 1
2.318 1.55685 -0.271562 8.54426e-05 3.0004 1.86846 1
2.322 1.5567 -0.271773 0.000102772 3.00032 1.86824 1
2.326 1.55651 -0.272027 4.83095e-05 3.00022 1.86795 1
2.33 1.55628 -0.272311 -7.19882e-05 3.00011 1.8676 1
2.334 1.556 -0.272613 -0.000265378 2.99995 1.86717 1
2.338 1.55565 -0.27291 -0.00051584 2.99974 1.86661 1
2.342 1.55521 -0.273179 -0.000826545 2.99947 1.86593 1
2.346 1.55467 -0.273406 -0.00123306 2.9991 1.86505 1
2.35 1.55405 -0.273606 -0.00175935 2.99867 1.86404 1
2.354 1.55336 -0.273814 -0.00240641 2.99817 1.86289 1
2.358 1.55258 -0.274033 -0.00306881 2.99761 1.86161 1
2.362 1.55186 -0.274247 -0.00371219 2.99708 1.86042 1
2.366 1.55123 -0.274444 -0.00433238 2.99661 1.85937 1
2.37 1.55069 -0.274589 -0.00493684 2.9962 1.85847 1
2.374 1.55022 -0.274662 -0.00556429 2.99584 1.85769 1
2.378 1.54979 -0.274685 -0.00622129 2.9955 1.85696 1
2.382 1.54941 -0.27466 -0.00694813 2.99519 1.85631 1
2.386 1.54907 -0.274617 -0.00773087 2.9949 1.85572 1
2.39 1.54873 -0.274592 -0.00854966 2.99461 1.85513 1
2.394 1.54838 -0.274615 -0.00936939 2.9943 1.85452 1
2.398 1.54808 -0.27463 -0.0101528 2.99403 1.854 1
2.402 1.54787 -0.274614 -0.0108822 2.99384 1.85363 1
2.406 1.54776 -0.274578 -0.0115174 2.99372 1.85342 1
2.41 1.54773 -0.274541 -0.012032 2.99368 1.85337 1
2.414 1.54781 -0.274529 -0.0124097 2.99372 1.85348 1
2.418 1.54798 -0.274531 -0.0126447 2.99383 1.85375 1
2.422 1.54824 -0.274535 -0.0127352 2.99401 1.85418 1
2.426 1.54859 -0.274526 -0.0126828 2.99426 1.85476 1
2.43 1.54904 -0.274485 -0.0124762 2.99458 1.85549 1
2.434 1.54953 -0.274418 -0.0121566 2.99494 1.8563 1
2.438 1.55005 -0.274346 -0.011767 2.99533 1.85717 1
2.442 1.5506 -0.274265 -0.0113319 2.99573 1.85807 1
2.446 1.55114 -0.274188 -0.0108416 2.99613 1.85896 1
2.45 1.55164 -0.274114 -0.0102925 2.99651 1.85981 1
2.454 1.55211 -0.274059 -0.00968223 2.99687 1.86059 1
2.458 1.55258 -0.274013 -0.0090157 2.99722 1.86137 1
2.462 1.55305 -0.27397 -0.00830009 2.99759 1.86216 1
2.466 1.55353 -0.273916 -0.0075237 2.99795 1.86296 1
2.47 1.55398 -0.273843 -0.00666512 2.99829 1.86371 1
2.474 1.55433 -0.273747 -0.00572797 2.99856 1.8643 1
2.478 1.55456 -0.273623 -0.00472081 2.99873 1.86469 1
2.482 1.55472 -0.273454 -0.0036303 2.99885 1.86495 1
2.486 1.55481 -0.273269 -0.002445 2.99892 1.8651 1
2.49 1.55494 -0.273114 -0.00123798 2.99901 1.86532 1
2.494 1.55511 -0.273001 -3.52031e-06 2.99914 1.86559 1
2.498 1.55528 -0.272906 0.00125215 2.99927 1.86588 1
2.502 1.55546 -0.272849 0.00254041 2.99943 1.86619 1
2.506 1.55558 -0.27279 0.0038775 2.99955 1.86642 1
2.51 1.55562 -0.272779 0.005262 2.99961 1.86651 1
2.514 1.55572 -0.272797 0.00664815 2.99972 1.86669 1
2.518 1.55585 -0.272833 0.00797914 2.99986 1.86693 1
2.522 1.5561 -0.272869 0.00917696 3.00008 1.86736 1
2.526 1.55648 -0.272862 0.0103025 3.00039 1.86803 1
2.53 1.55694 -0.272788 0.0113976 3.00075 1.86879 1
2.534 1.55736 -0.272767 0.0124664 3.00107 1.8695 1
2.538 1.55781 -0.272803 0.0134148 3.00142 1.87025 1
2.542 1.55821 -0.27296 0.0142655 3.00173 1.87093 1
2.546 1.55843 -0.273177 0.0150594 3.0019 1.8713 1
2.55 1.55856 -0.273304 0.0157223 3.00201 1.87152 1
2.554 1.55872 -0.27334 0.0163232 3.00214 1.8718 1
2.558 1.55899 -0.273399 0.0168897 3.00234 1.87225 1
2.562 1.55939 -0.273486 0.0173755 3.00264 1.87292 1
2.566 1.55974 -0.273534 0.017785 3.0029 1.8735 1
2.57 1.56007 -0.273555 0.0180988 3.00314 1.87405 1
2.574 1.56043 -0.273534 0.0182812 3.0034 1.87464 1
2.578 1.56063 -0.273525 0.0183582 3.00354 1.87497 1
2.582 1.56073 -0.273501 0.0182923 3.00359 1.87512 1
2.586 1.56078 -0.273433 0.0181448 3.0036 1.87518 1
2.59 1.56081 -0.273283 0.0179035 3.00361 1.87523 1
2.594 1.56084 -0.273084 0.017688 3.00363 1.87527 1
2.598 1.56075 -0.272956 0.0174492 3.00357 1.87512 1
2.602 1.5606 -0.272842 0.0171463 3.00349 1.8749 1
2.606 1.56039 -0.272676 0.0168654 3.00335 1.87455 1
2.61 1.56006 -0.272511 0.0165309 3.0031 1.87401 1
2.614 1.55956 -0.272347 0.0160361 3.00272 1.87316 1
2.618 1.5589 -0.27218 0.0153856 3.0022 1.87205 1
2.622 1.55816 -0.272016 0.0146763 3.00162 1.8708 1
2.626 1.55743 -0.271883 0.0139119 3.00104 1.86957 1
2.63 1.55676 -0.271706 0.0131396 3.0005 1.86842 1
2.634 1.55618 -0.271513 0.012353 3.00003 1.86744 1
2.638 1.55565 -0.27132 0.011656 2.9996 1.86653 1
2.642 1.55514 -0.271132 0.0110268 2.9992 1.86568 1
2.646 1.55462 -0.270967 0.0103908 2.99878 1.86479 1
2.65 1.55416 -0.270848 0.00978302 2.99842 1.86401 1
2.654 1.55379 -0.270753 0.00918042 2.99814 1.86339 1
2.658 1.55341 -0.270683 0.00855467 2.99787 1.86277 1
2.662 1.55301 -0.270631 0.00789052 2.99757 1.86211 1
2.666 1.55269 -0.270563 0.00731217 2.99733 1.86156 1
2.67 1.55246 -0.270472 0.00687305 2.99716 1.86119 1
2.674 1.55226 -0.270421 0.00656097 2.997 1.86085 1
2.678 1.5521 -0.270438 0.00644403 2.99687 1.86058 1
2.682 1.55195 -0.27045 0.00646146 2.99675 1.86033 1
2.686 1.55186 -0.27039 0.00660693 2.99668 1.86017 1
2.69 1.55184 -0.270285 0.00688648 2.99666 1.86013 1
2.694 1.55196 -0.270184 0.00726928 2.99676 1.86034 1
2.698 1.55223 -0.270073 0.0077109 2.99697 1.86079 1
2.702 1.55258 -0.269961 0.00818742 2.99724 1.86138 1
2.706 1.55297 -0.269896 0.00868408 2.99755 1.86205 1
2.71 1.55339 -0.269887 0.00918412 2.99788 1.86276 1
2.714 1.55386 -0.269938 0.00968391 2.99826 1.86355 1
2.718 1.55438 -0.269991 0.0101767 2.99867 1.86443 1
2.722 1.55498 -0.27002 0.0106899 2.99915 1.86544 1
2.726 1.55563 -0.270022 0.011241 2.99967 1.86655 1
2.73 1.55633 -0.269984 0.0118726 3.00023 1.86775 1
2.734 1.55705 -0.269957 0.0125611 3.0008 1.86896 1
2.738 1.55775 -0.269952 0.0132512 3.00137 1.87016 1
2.742 1.5585 -0.269964 0.0139959 3.00197 1.87143 1
2.746 1.55924 -0.269986 0.0147612 3.00256 1.87269 1
2.75 1.55993 -0.270007 0.0155038 3.0031 1.87385 1
2.754 1.56059 -0.269976 0.016231 3.00361 1.87496 1
2.758 1.56121 -0.26989 0.0169259 3.0041 1.876 1
2.762 1.56175 -0.269791 0.0175442 3.00453 1.87693 1
2.766 1.56221 -0.269706 0.018102 3.00489 1.87772 1
2.77 1.56261 -0.269668 0.0186472 3.0052 1.87838 1
2.774 1.56297 -0.269706 0.0191727 3.00548 1.87899 1
2.778 1.56329 -0.269841 0.0196536 3.00573 1.87954 1
2.782 1.56351 -0.270035 0.0200642 3.00589 1.8799 1
2.786 1.5636 -0.270257 0.0203955 3.00595 1.88004 1
2.79 1.56354 -0.270487 0.0206411 3.00591 1.87995 1
2.794 1.56341 -0.270748 0.0208689 3.0058 1.87972 1
2.798 1.56322 -0.271026 0.0211596 3.00565 1.8794 1
2.802 1.563 -0.271282 0.0215329 3.00547 1.87903 1
2.806 1.56275 -0.271498 0.0219544 3.00527 1.87859 1
2.81 1.56247 -0.271656 0.0223945 3.00506 1.87813 1
2.814 1.5622 -0.271764 0.0228303 3.00485 1.87766 1
2.818 1.5619 -0.271852 0.0232706 3.00461 1.87716 1
2.822 1.56154 -0.271943 0.0237102 3.00434 1.87656 1
2.826 1.56107 -0.272036 0.0241075 3.00398 1.87577 1
2.83 1.56042 -0.272124 0.0244352 3.00348 1.87467 1
2.834 1.55955 -0.272195 0.024692 3.00282 1.87322 1
2.838 1.55855 -0.272219 0.0248959 3.00206 1.87155 1
2.842 1.55749 -0.272197 0.0250557 3.00126 1.86978 1
2.846 1.55642 -0.272175 0.025149 3.00046 1.86799 1
2.85 1.55534 -0.272181 0.0251837 2.99965 1.86619 1
2.854 1.55425 -0.272214 0.0251602 2.99883 1.86438 1
2.858 1.55319 -0.272281 0.0250548 2.99803 1.8626 1
2.862 1.55219 -0.272324 0.0248408 2.99727 1.86093 1
2.866 1.55125 -0.272349 0.0245524 2.99655 1.85937 1
2.87 1.55036 -0.272385 0.0241688 2.99586 1.85787 1
2.874 1.54947 -0.272434 0.0236857 2.99518 1.85638 1
2.878 1.54858 -0.272487 0.0231055 2.99448 1.85487 1
2.882 1.54771 -0.272526 0.0224617 2.9938 1.85342 1
2.886 1.54693 -0.272512 0.0217879 2.99318 1.85209 1
2.89 1.54623 -0.272447 0.0210143 2.99263 1.85092 1
2.894 1.54559 -0.272325 0.0201876 2.99212 1.84983 1
2.898 1.545 -0.272167 0.0193747 2.99165 1.84884 1
2.902 1.54448 -0.27199 0.0185761 2.99123 1.84796 1
2.906 1.54406 -0.271819 0.0178174 2.99088 1.84724 1
2.91 1.54371 -0.271657 0.0171184 2.9906 1.84665 1
2.914 1.54336 -0.271471 0.0164546 2.99031 1.84605 1
2.918 1.543 -0.271266 0.0158826 2.99002 1.84544 1
2.922 1.54265 -0.271068 0.0153885 2.98973 1.84485 1
2.926 1.54232 -0.270897 0.0149648 2.98945 1.84428 1
2.93 1.54197 -0.270756 0.0146085 2.98917 1.84369 1
2.934 1.54159 -0.270636 0.0143595 2.98886 1.84304 1
2.938 1.54124 -0.270554 0.0142689 2.98857 1.84245 1
2.942 1.54099 -0.270484 0.0143679 2.98835 1.842 1
2.946 1.54077 -0.270446 0.0146151 2.98816 1.84163 1
2.95 1.54054 -0.270449 0.0149594 2.98796 1.84124 1
2.954 1.54032 -0.270495 0.01537 2.98777 1.84084 1
2.958 1.54015 -0.270543 0.0158085 2.98761 1.84055 1
2.962 1.54012 -0.270548 0.016274 2.98757 1.84049 1
2.966 1.5403 -0.270494 0.0167668 2.9877 1.84078 1
2.97 1.5407 -0.270382 0.017262 2.98799 1.84144 1
2.974 1.54125 -0.270243 0.0177289 2.98841 1.84235 1
2.978 1.54189 -0.270097 0.0181293 2.98889 1.84341 1
2.982 1.54259 -0.269934 0.018476 2.98942 1.84458 1
2.986 1.54338 -0.269732 0.018791 2.99002 1.84589 1
2.99 1.54426 -0.269472 0.0190938 2.99069 1.84736 1
2.994 1.54528 -0.269172 0.019422 2.99147 1.84907 1
2.998 1.54646 -0.268889 0.0197813 2.99238 1.85104 1
3.002 1.54775 -0.268617 0.0201274 2.99339 1.85321 1
3.006 1.54906 -0.268363 0.0204731 2.99441 1.85541 1
3.01 1.55039 -0.268101 0.0208424 2.99544 1.85764 1
3.014 1.55173 -0.267848 0.0212589 2.99648 1.85989 1
3.018 1.55307 -0.267619 0.0216936 2.99753 1.86215 1
3.022 1.55441 -0.267419 0.0221189 2.99857 1.86441 1
3.026 1.55577 -0.267252 0.0225583 2.99962 1.86669 1
3.03 1.55708 -0.267093 0.022997 3.00064 1.86889 1
3.034 1.55828 -0.26695 0.0233669 3.00158 1.87092 1
3.038 1.55936 -0.266831 0.0236489 3.00243 1.87275 1
3.042 1.56036 -0.266732 0.023888 3.00321 1.87443 1
3.046 1.56124 -0.266667 0.0240826 3.0039 1.87593 1
3.05 1.56202 -0.266627 0.0242233 3.00451 1.87724 1
3.054 1.56267 -0.266635 0.0243052 3.00501 1.87833 1
3.058 1.56313 -0.266699 0.0243375 3.00538 1.87912 1
3.062 1.56343 -0.266801 0.0243264 3.00561 1.87963 1
3.066 1.56359 -0.266902 0.0242911 3.00573 1.87989 1
3.07 1.56366 -0.267012 0.0242644 3.00579 1.88001 1
3.074 1.56372 -0.267112 0.0242466 3.00583 1.88011 1
3.078 1.56378 -0.267198 0.0242286 3.00588 1.88021 1
3.082 1.56384 -0.267279 0.0242447 3.00592 1.8803 1
3.086 1.5639 -0.267374 0.0242965 3.00596 1.8804 1
3.09 1.56396 -0.26746 0.0243818 3.00601 1.88052 1
3.094 1.56404 -0.267535 0.0244927 3.00607 1.88065 1
3.098 1.56413 -0.267603 0.0246138 3.00614 1.88079 1
3.102 1.5642 -0.26766 0.0247366 3.00618 1.8809 1
3.106 1.56422 -0.267714 0.0248397 3.0062 1.88093 1
3.11 1.56421 -0.267781 0.0249119 3.00619 1.88092 1
3.114 1.56417 -0.267886 0.0249638 3.00615 1.88085 1
3.118 1.56409 -0.267999 0.0249981 3.00609 1.88072 1
3.122 1.56399 -0.268104 0.0250343 3.00601 1.88054 1
3.126 1.56387 -0.268197 0.0250867 3.00592 1.88035 1
3.13 1.56377 -0.268265 0.0251634 3.00584 1.88018 1
3.134 1.56369 -0.268311 0.0252558 3.00579 1.88004 1
3.138 1.56362 -0.268333 0.0253347 3.00575 1.87994 1
3.142 1.56358 -0.268335 0.0253811 3.00574 1.87988 1
3.146 1.56357 -0.268326 0.0253928 3.00575 1.87988 1
3.15 1.56359 -0.268308 0.0253769 3.00578 1.87993 1
3.154 1.56366 -0.268282 0.0253359 3.00586 1.88006 1
3.158 1.56378 -0.268227 0.0252561 3.00596 1.88027 1
3.162 1.56394 -0.268142 0.0251594 3.00609 1.88054 1
3.166 1.56413 -0.268049 0.0250496 3.00625 1.88087 1
3.17 1.56435 -0.267958 0.0249487 3.00642 1.88124 1
3.174 1.56459 -0.267865 0.0248501 3.00661 1.88165 1
3.178 1.56484 -0.267768 0.0247416 3.00681 1.88208 1
3.182 1.56511 -0.267668 0.0246208 3.00702 1.88253 1
3.186 1.56538 -0.267552 0.0244966 3.00723 1.88298 1
3.19 1.56563 -0.26744 0.0243787 3.00742 1.8834 1
3.194 1.56583 -0.267349 0.0242731 3.00758 1.88375 1
3.198 1.56599 -0.267279 0.0241783 3.00771 1.88401 1
3.202 1.5661 -0.26722 0.0240915 3.00779 1.8842 1
3.206 1.56617 -0.267163 0.0240131 3.00785 1.88433 1
3.21 1.56623 -0.26711 0.0239444 3.0079 1.88443 1
3.214 1.56628 -0.267066 0.0238892 3.00794 1.88451 1
3.218 1.56632 -0.267033 0.0238494 3.00797 1.88459 1
3.222 1.56637 -0.267005 0.0238217 3.00801 1.88466 1
3.226 1.56641 -0.266979 0.0238009 3.00804 1.88473 1
3.23 1.56646 -0.266949 0.0237839 3.00808 1.88481 1
3.234 1.5665 -0.266919 0.0237693 3.00811 1.88489 1
3.238 1.56654 -0.266895 0.0237558 3.00814 1.88496 1
3.242 1.56658 -0.266875 0.0237391 3.00817 1.88502 1
3.246 1.56663 -0.266861 0.023722 3.0082 1.88509 1
3.25 1.56668 -0.266853 0.0237105 3.00824 1.88518 1
3.254 1.56674 -0.266853 0.0237029 3.00829 1.88528 1
3.258 1.5668 -0.266861 0.0237027 3.00834 1.88539 1
3.262 1.56687 -0.266879 0.023709 3.0084 1.88551 1
3.266 1.56694 -0.266911 0.0237178 3.00845 1.88562 1
3.27 1.567 -0.266963 0.0237271 3.00849 1.88572 1
3.274 1.56705 -0.267029 0.0237373 3.00853 1.88581 1
3.278 1.56708 -0.267099 0.0237536 3.00856 1.88587 1
3.282 1.5671 -0.26717 0.0237781 3.00857 1.8859 1
3.286 1.56711 -0.267244 0.0238098 3.00858 1.88591 1
3.29 1.56709 -0.267316 0.0238445 3.00857 1.88588 1
3.294 1.56706 -0.267395 0.0238808 3.00854 1.88582 1
3.298 1.567 -0.267486 0.0239198 3.00849 1.88573 1
3.302 1.56692 -0.267591 0.0239621 3.00843 1.88559 1
3.306 1.56681 -0.267706 0.0240037 3.00834 1.8854 1
3.31 1.56667 -0.267822 0.0240426 3.00824 1.88517 1
3.314 1.56652 -0.267934 0.0240803 3.00811 1.8849 1
3.318 1.56635 -0.268038 0.0241167 3.00799 1.88462 1
3.322 1.56619 -0.268139 0.0241489 3.00786 1.88435 1
3.326 1.56604 -0.268232 0.0241687 3.00774 1.8841 1
3.33 1.56592 -0.268318 0.0241766 3.00765 1.88389 1
3.334 1.56581 -0.268396 0.0241657 3.00757 1.88372 1
3.338 1.56574 -0.268466 0.0241299 3.0075 1.88359 1
3.342 1.56569 -0.268527 0.0240753 3.00746 1.8835 1
3.346 1.56565 -0.268583 0.0240132 3.00744 1.88344 1
3.35 1.56562 -0.268637 0.0239525 3.00741 1.88339 1
3.354 1.56559 -0.268688 0.0238973 3.00738 1.88332 1
3.358 1.56553 -0.26874 0.0238543 3.00734 1.88323 1
3.362 1.56545 -0.268797 0.0238273 3.00728 1.8831 1
3.366 1.56535 -0.268861 0.0238168 3.0072 1.88293 1
3.37 1.56524 -0.268935 0.023825 3.00711 1.88273 1
3.374 1.56511 -0.269019 0.0238563 3.00701 1.88253 1
3.378 1.56499 -0.269105 0.0239149 3.00692 1.88232 1
3.382 1.56487 -0.269191 0.0240058 3.00682 1.88211 1
3.386 1.56475 -0.269277 0.024127 3.00673 1.88192 1
3.39 1.56465 -0.269358 0.024274 3.00665 1.88174 1
3.394 1.56455 -0.26943 0.0244424 3.00658 1.88158 1
3.398 1.56447 -0.269485 0.0246242 3.00652 1.88145 1
3.402 1.56442 -0.269517 0.0248165 3.00648 1.88136 1
3.406 1.56441 -0.269519 0.0250121 3.00647 1.88134 1
3.41 1.56442 -0.269507 0.0252033 3.00648 1.88136 1
3.414 1.56448 -0.269467 0.0253812 3.00653 1.88146 1
3.418 1.56458 -0.269398 0.0255451 3.00661 1.88163 1
3.422 1.5647 -0.269308 0.02569 3.00671 1.88185 1
3.426 1.56485 -0.269209 0.0258136 3.00683 1.88209 1
3.43 1.56499 -0.269115 0.0259166 3.00694 1.88234 1
3.434 1.56514 -0.269029 0.0260006 3.00706 1.88259 1
3.438 1.56529 -0.268948 0.0260691 3.00718 1.88285 1
3.442 1.56546 -0.268863 0.0261206 3.00731 1.88313 1
3.446 1.56564 -0.268767 0.0261587 3.00745 1.88343 1
3.45 1.56583 -0.268657 0.026191 3.0076 1.88376 1
3.454 1.56606 -0.268533 0.0262281 3.00777 1.88413 1
3.458 1.5663 -0.268401 0.0262783 3.00796 1.88454 1
3.462 1.56656 -0.268267 0.0263463 3.00816 1.88498 1
3.466 1.56682 -0.26813 0.0264319 3.00836 1.88542 1
3.47 1.56705 -0.268009 0.0265247 3.00854 1.88581 1
3.474 1.56724 -0.267908 0.0266118 3.00869 1.88613 1
3.478 1.56738 -0.267827 0.0266804 3.00879 1.88636 1
3.482 1.56745 -0.267766 0.0267241 3.00886 1.8865 1
3.486 1.56748 -0.26773 0.0267466 3.00888 1.88654 1
3.49 1.56744 -0.267715 0.0267479 3.00885 1.88648 1
3.494 1.56734 -0.267732 0.0267299 3.00877 1.88631 1
3.498 1.56719 -0.267782 0.0266893 3.00866 1.88605 1
3.502 1.56698 -0.267856 0.0266221 3.0085 1.8857 1
3.506 1.56672 -0.267947 0.0265306 3.00831 1.88527 1
3.51 1.56642 -0.268054 0.0264161 3.00808 1.88477 1
3.514 1.5661 -0.268173 0.026291 3.00783 1.88422 1
3.518 1.56575 -0.268301 0.0261699 3.00757 1.88365 1
3.522 1.56542 -0.268428 0.0260717 3.00732 1.88308 1
3.526 1.5651 -0.268552 0.0260138 3.00708 1.88255 1
3.53 1.56481 -0.268669 0.025991 3.00685 1.88206 1
3.534 1.56455 -0.268774 0.0259983 3.00666 1.88163 1
3.538 1.56435 -0.268862 0.0260298 3.0065 1.88128 1
3.542 1.56419 -0.268929 0.0260748 3.00639 1.88102 1
3.546 1.56409 -0.268964 0.0261247 3.00631 1.88086 1
3.55 1.56405 -0.268975 0.0261872 3.00628 1.88079 1
3.554 1.56404 -0.268968 0.0262575 3.00628 1.88077 1
3.558 1.56407 -0.268941 0.0263304 3.0063 1.88082 1
3.562 1.56413 -0.26889 0.0264045 3.00636 1.88094 1
3.566 1.56423 -0.26882 0.0264785 3.00643 1.8811 1
3.57 1.56434 -0.268739 0.0265501 3.00652 1.88129 1
3.574 1.56445 -0.268663 0.0266154 3.0066 1.88147 1
3.578 1.56454 -0.268598 0.0266695 3.00667 1.88162 1
3.582 1.56461 -0.268545 0.0267117 3.00673 1.88174 1
3.586 1.56466 -0.268505 0.0267425 3.00677 1.88183 1
3.59 1.5647 -0.268475 0.0267624 3.0068 1.8819 1
3.594 1.56473 -0.26845 0.0267728 3.00682 1.88194 1
3.598 1.56474 -0.268428 0.0267772 3.00683 1.88197 1
3.602 1.56476 -0.268404 0.0267795 3.00684 1.88199 1
3.606 1.56476 -0.268379 0.026783 3.00684 1.882 1
3.61 1.56477 -0.268354 0.0267897 3.00684 1.882 1
3.614 1.56477 -0.268331 0.0268055 3.00684 1.88201 1
3.618 1.56477 -0.268309 0.0268278 3.00684 1.882 1
3.622 1.56476 -0.268289 0.0268565 3.00684 1.882 1
3.626 1.56476 -0.268269 0.0268913 3.00683 1.88199 1
3.63 1.56475 -0.268246 0.0269303 3.00683 1.88198 1
3.634 1.56475 -0.268218 0.0269687 3.00682 1.88197 1
3.638 1.56474 -0.268187 0.0270014 3.00682 1.88196 1
3.642 1.56474 -0.268159 0.0270259 3.00681 1.88195 1
3.646 1.56472 -0.268139 0.027041 3.0068 1.88192 1
3.65 1.56469 -0.268127 0.0270438 3.00678 1.88188 1
3.654 1.56465 -0.268123 0.0270318 3.00675 1.88181 1
3.658 1.5646 -0.268129 0.0270078 3.00671 1.88171 1
3.662 1.56452 -0.268148 0.0269744 3.00665 1.88159 1
3.666 1.56442 -0.268183 0.0269331 3.00657 1.88142 1
3.67 1.56429 -0.268234 0.0268849 3.00648 1.88121 1
3.674 1.56414 -0.2683 0.0268307 3.00636 1.88095 1
3.678 1.56397 -0.268378 0.0267705 3.00623 1.88065 1
3.682 1.56377 -0.268464 0.0267051 3.00608 1.88032 1
3.686 1.56357 -0.268551 0.0266373 3.00592 1.87998 1
3.69 1.56337 -0.268634 0.0265727 3.00576 1.87964 1
3.694 1.56318 -0.268708 0.0265146 3.00562 1.87933 1
3.698 1.563 -0.268775 0.0264634 3.00549 1.87903 1
3.702 1.56284 -0.268834 0.0264184 3.00536 1.87877 1
3.706 1.5627 -0.268884 0.0263787 3.00525 1.87852 1
3.71 1.56257 -0.268926 0.026344 3.00515 1.87831 1
3.714 1.56246 -0.268962 0.0263133 3.00507 1.87813 1
3.718 1.56237 -0.268993 0.0262859 3.005 1.87797 1
3.722 1.56229 -0.269021 0.0262608 3.00494 1.87784 1
3.726 1.56223 -0.269043 0.026235 3.00489 1.87773 1
3.73 1.56218 -0.269059 0.0262081 3.00485 1.87765 1
3.734 1.56215 -0.269071 0.0261778 3.00483 1.8776 1
3.738 1.56214 -0.269079 0.0261431 3.00482 1.87758 1
3.742 1.56214 -0.269082 0.0261023 3.00482 1.87758 1
3.746 1.56216 -0.269082 0.0260538 3.00483 1.87761 1
3.75 1.56218 -0.269078 0.0259957 3.00485 1.87765 1
3.754 1.56222 -0.269071 0.0259279 3.00488 1.87771 1
3.758 1.56226 -0.269062 0.0258494 3.00491 1.87778 1
3.762 1.56231 -0.269052 0.0257615 3.00495 1.87787 1
3.766 1.56237 -0.269042 0.0256686 3.005 1.87797 1
3.77 1.56243 -0.269031 0.0255773 3.00504 1.87807 1
3.774 1.56248 -0.269025 0.0254966 3.00508 1.87815 1
3.778 1.56252 -0.269022 0.0254321 3.00511 1.87822 1
3.782 1.56255 -0.269023 0.0253832 3.00513 1.87827 1
3.786 1.56257 -0.269027 0.0253499 3.00515 1.8783 1
3.79 1.56258 -0.269033 0.0253309 3.00516 1.87832 1
3.794 1.56259 -0.26904 0.0253237 3.00516 1.87834 1
3.798 1.5626 -0.269045 0.0253253 3.00517 1.87835 1
3.802 1.5626 -0.269048 0.025333 3.00517 1.87836 1
3.806 1.56261 -0.269047 0.0253429 3.00518 1.87836 1
3.81 1.56261 -0.269043 0.0253516 3.00518 1.87837 1
3.814 1.56262 -0.269033 0.0253573 3.00518 1.87838 1
3.818 1.56262 -0.269017 0.0253607 3.00519 1.87839 1
3.822 1.56263 -0.268995 0.025363 3.00519 1.87841 1
3.826 1.56265 -0.268967 0.0253646 3.0052 1.87843 1
3.83 1.56266 -0.268935 0.0253637 3.00521 1.87845 1
3.834 1.56268 -0.268901 0.0253578 3.00523 1.87848 1
3.838 1.5627 -0.268864 0.0253443 3.00524 1.87852 1
3.842 1.56272 -0.268826 0.0253208 3.00526 1.87855 1
3.846 1.56275 -0.268787 0.0252872 3.00528 1.8786 1
3.85 1.56277 -0.26875 0.0252463 3.0053 1.87864 1
3.854 1.5628 -0.268715 0.0252014 3.00532 1.87868 1
3.858 1.56282 -0.268682 0.0251569 3.00534 1.87872 1
3.862 1.56284 -0.268653 0.0251157 3.00535 1.87875 1
3.866 1.56285 -0.26863 0.0250813 3.00536 1.87877 1
3.87 1.56286 -0.268613 0.0250558 3.00536 1.87878 1
3.874 1.56285 -0.268603 0.0250413 3.00536 1.87877 1
3.878 1.56283 -0.268601 0.0250368 3.00535 1.87874 1
3.882 1.56281 -0.268606 0.0250386 3.00533 1.87871 1
3.886 1.56278 -0.268617 0.025048 3.00531 1.87866 1
3.89 1.56274 -0.268636 0.0250682 3.00527 1.87859 1
3.894 1.56269 -0.268663 0.0251038 3.00523 1.87849 1
3.898 1.56261 -0.268697 0.0251572 3.00518 1.87837 1
3.902 1.56253 -0.268737 0.0252273 3.00511 1.87823 1
3.906 1.56244 -0.26878 0.0253118 3.00504 1.87808 1
3.91 1.56234 -0.268826 0.0254055 3.00497 1.87792 1
3.914 1.56225 -0.268867 0.0254985 3.0049 1.87776 1
3.918 1.56217 -0.268903 0.0255845 3.00484 1.87763 1
3.922 1.5621 -0.268935 0.0256601 3.00478 1.87751 1
3.926 1.56205 -0.268961 0.0257244 3.00474 1.87742 1
3.93 1.562 -0.268981 0.0257776 3.00471 1.87735 1
3.934 1.56198 -0.268994 0.025822 3.00468 1.8773 1
3.938 1.56196 -0.268999 0.02586 3.00467 1.87727 1
3.942 1.56196 -0.268998 0.0258945 3.00467 1.87727 1
3.946 1.56197 -0.268988 0.0259276 3.00468 1.8773 1
3.95 1.562 -0.268966 0.0259553 3.00471 1.87735 1
3.954 1.56205 -0.268932 0.0259721 3.00474 1.87743 1
3.958 1.56212 -0.268887 0.0259744 3.00479 1.87754 1
3.962 1.5622 -0.268832 0.0259603 3.00486 1.87767 1
3.966 1.5623 -0.268769 0.0259324 3.00493 1.87784 1
3.97 1.5624 -0.2687 0.0258947 3.00501 1.87802 1
3.974 1.56252 -0.268631 0.0258541 3.0051 1.87821 1
3.978 1.56263 -0.268563 0.0258188 3.00519 1.87839 1
3.982 1.56273 -0.268498 0.0257933 3.00527 1.87857 1
3.986 1.56283 -0.268431 0.0257763 3.00535 1.87874 1
3.99 1.56293 -0.268365 0.0257619 3.00542 1.87891 1
3.994 1.56303 -0.2683 0.0257443 3.0055 1.87907 1
3.998 1.56315 -0.268201 0.0257311 3.00559 1.87927 1
4.002 1.56317 -0.268196 0.0255208 3.0056 1.87931 1
4.006 1.56305 -0.268293 0.0255334 3.00551 1.8791 1
