-0.75 1 0 0 2.5 1 1
-0.25 1 0 0 2.5 1 1
0.25 1 0 0 2.5 1 1
0.75 1 0 0 2.5 1 1
1.25 1 0 0 2.5 1 1
1.75 1 0 0 2.5 1 1
2.25 1 0 0 2.5 1 1
2.75 1 0 0 2.5 1 1
3.25 1 0 0 2.5 1 1
3.75 1 0 0 2.5 1 1
4.25 1 0 0 2.5 1 1
4.75 1 0 0 2.5 1 1
5.25 1 0 0 2.5 1 1
5.75 1 0 0 2.5 1 1
6.25 1 0 0 2.5 1 1
6.75 1 0 0 2.5 1 1
7.25 1 0 0 2.5 1 1
7.75 1 0 0 2.5 1 1
8.25 1 0 0 2.5 1 1
8.75 1 0 0 2.5 1 1
9.25 1 0 0 2.5 1 1
9.75 1 0 0 2.5 1 1
10.25 1 0 0 2.5 1 1
10.75 1 0 0 2.5 1 1
11.25 1 0 0 2.5 1 1
11.75 1 0 0 2.5 1 1
12.25 1 0 0 2.5 1 1
12.75 1 0 0 2.5 1 1
13.25 1 0 0 2.5 1 1
13.75 1 0 0 2.5 1 1
14.25 1 0 0 2.5 1 1
14.75 1 0 0 2.5 1 1
15.25 1 0 0 2.5 1 1
15.75 1 0 0 2.5 1 1
16.25 1 0 0 2.5 1 1
16.75 1 0 0 2.5 1 1
17.25 1 0 0 2.5 1 1
17.75 1 0 0 2.5 1 1
18.25 1 0 0 2.5 1 1
18.75 1 0 0 2.5 1 1
19.25 1 0 0 2.5 1 1
19.75 1 0 0 2.5 1 1
20.25 1 0 0 2.5 1 1
20.75 1 0 0 2.5 1 1
21.25 1 0 0 2.5 1 1
21.75 1 0 0 2.5 1 1
22.25 1 0 0 2.5 1 1
22.75 1 0 0 2.5 1 1
23.25 1 0 0 2.5 1 1
23.75 1 0 0 2.5 1 1
24.25 1 0 0 2.5 1 1
24.75 1 0 0 2.5 1 1
25.25 1 0 0 2.5 1 1
25.75 1 0 0 2.5 1 1
26.25 1 0 0 2.5 1 1
26.75 1 0 0 2.5 1 1
27.25 1 0 0 2.5 1 1
27.75 1 0 0 2.5 1 1
28.25 1 0 0 2.5 1 1
28.75 1 0 0 2.5 1 1
29.25 1 0 0 2.5 1 1
29.75 1 0 0 2.5 1 1
30.25 1 0 0 2.5 1 1
30.75 1 0 0 2.5 1 1
31.25 1 0 0 2.5 1 1
31.75 1 0 0 2.5 1 1
32.25 1 0 0 2.5 1 1
32.75 1 0 0 2.5 1 1
33.25 1 0 0 2.5 1 1
33.75 1 0 0 2.5 1 1
34.25 1 0 0 2.5 1 1
34.75 1 0 0 2.5 1 1
35.25 1 0 0 2.5 1 1
35.75 1 0 0 2.5 1 1
36.25 1 0 0 2.5 1 1
36.75 1 0 0 2.5 1 1
37.25 1 0 0 2.5 1 1
37.75 1 0 0 2.5 1 1
38.25 1 0 0 2.5 1 1
38.75 1 0 0 2.5 1 1
39.25 1 0 0 2.5 1 1
39.75 1 0 0 2.5 1 1
40.25 1 0 0 2.5 1 1
40.75 1 0 0 2.5 1 1
41.25 1 0 0 2.5 1 1
41.75 1 0 0 2.5 1 1
42.25 1 0 0 2.5 1 1
42.75 1 0 0 2.5 1 1
43.25 1 0 0 2.5 1 1
43.75 1 0 0 2.5 1 1
44.25 1 0 0 2.5 1 1
44.75 1 0 0 2.5 1 1
45.25 1 0 0 2.5 1 1
45.75 1 0 0 2.5 1 1
46.25 1 0 0 2.5 1 1
46.75 1 0 0 2.5 1 1
47.25 1 0 0 2.5 1 1
47.75 1 0 0 2.5 1 1
48.25 1 0 0 2.5 1 1
48.75 1 0 0 2.5 1 1
49.25 1 0 0 2.5 1 1
49.75 1 0 0 2.5 1 1
50.25 1 0 0 2.5 1 1
50.75 1 0 0 2.5 1 1
51.25 1 0 0 2.5 1 1
51.75 1 0 0 2.5 1 1
52.25 1 0 0 2.5 1 1
52.75 1 0 0 2.5 1 1
53.25 1 0 0 2.5 1 1
53.75 1 0 0 2.5 1 1
54.25 1 0 0 2.5 1 1
54.75 1 0 0 2.5 1 1
55.25 1 0 0 2.5 1 1
55.75 1 0 0 2.5 1 1
56.25 1 0 0 2.5 1 1
56.75 1 0 0 2.5 1 1
57.25 1 0 0 2.5 1 1
57.75 1 0 0 2.5 1 1
58.25 1 0 0 2.5 1 1
58.75 1 0 0 2.5 1 1
59.25 1 0 0 2.5 1 1
59.75 1 0 0 2.5 1 1
60.25 1 0 0 2.5 1 1
60.75 1 0 0 2.5 1 1
61.25 1 0 0 2.5 1 1
61.75 1 0 0 2.5 1 1
62.25 1 0 0 2.5 1 1
62.75 1 0 0 2.5 1 1
63.25 1 0 0 2.5 1 1
63.75 1 0 0 2.5 1 1
64.25 1 0 0 2.5 1 1
64.75 1 0 0 2.5 1 1
65.25 1 0 0 2.5 1 1
65.75 1 0 0 2.5 1 1
66.25 1 0 0 2.5 1 1
66.75 1 0 0 2.5 1 1
67.25 1 0 0 2.5 1 1
67.75 1 0 0 2.5 1 1
68.25 1 0 0 2.5 1 1
68.75 1 0 0 2.5 1 1
69.25 1 0 0 2.5 1 1
69.75 1 0 0 2.5 1 1
70.25 1 0 0 2.5 1 1
70.75 1 0 0 2.5 1 1
71.25 1 0 0 2.5 1 1
71.75 1 0 0 2.5 1 1
72.25 1 0 0 2.5 1 1
72.75 1 0 0 2.5 1 1
73.25 1 0 0 2.5 1 1
73.75 1 0 0 2.5 1 1
74.25 1 0 0 2.5 1 1
74.75 1 0 0 2.5 1 1
75.25 1 0 0 2.5 1 1
75.75 1 0 0 2.5 1 1
76.25 1 0 0 2.5 1 1
76.75 1 0 0 2.5 1 1
77.25 1 0 0 2.5 1 1
77.75 1 0 0 2.5 1 1
78.25 1 0 0 2.5 1 1
78.75 1 0 0 2.5 1 1
79.25 1 0 0 2.5 1 1
79.75 1 0 0 2.5 1 1
80.25 1 0 0 2.5 1 1
80.75 1 0 0 2.5 1 1
81.25 1 0 0 2.5 1 1
81.75 1 0 0 2.5 1 1
82.25 1 0 0 2.5 1 1
82.75 1 0 0 2.5 1 1
83.25 1 0 0 2.5 1 1
83.75 1 0 0 2.5 1 1
84.25 1 0 0 2.5 1 1
84.75 1 0 0 2.5 1 1
85.25 1 0 0 2.5 1 1
85.75 1 0 0 2.5 1 1
86.25 1 0 0 2.5 1 1
86.75 1 0 0 2.5 1 1
87.25 1 0 0 2.5 1 1
87.75 1 0 0 2.5 1 1
88.25 1 0 0 2.5 1 1
88.75 1 0 0 2.5 1 1
89.25 1 0 0 2.5 1 1
89.75 1 0 0 2.5 1 1
90.25 1 0 0 2.5 1 1
90.75 1 0 0 2.5 1 1
91.25 1 0 0 2.5 1 1
91.75 1 0 0 2.5 1 1
92.25 1 0 0 2.5 1 1
92.75 1 0 0 2.5 1 1
93.25 1 0 0 2.5 1 1
93.75 1 0 0 2.5 1 1
94.25 1 0 0 2.5 1 1
94.75 1 0 0 2.5 1 1
95.25 1 0 0 2.5 1 1
95.75 1 0 0 2.5 1 1
96.25 1 0 0 2.5 1 1
96.75 1 0 0 2.5 1 1
97.25 1 0 0 2.5 1 1
97.75 1 0 0 2.5 1 1
98.25 1 0 0 2.5 1 1
98.75 1 0 0 2.5 1 1
99.25 1 0 0 2.5 1 1
99.75 1 0 0 2.5 1 1
100.25 1 0 0 2.5 1 1
100.75 1 0 0 2.5 1 1
101.25 1 0 0 2.5 1 1
101.75 1 0 0 2.5 1 1
102.25 1 0 0 2.5 1 1
102.75 1 0 0 2.5 1 1
103.25 1 0 0 2.5 1 1
103.75 1 0 0 2.5 1 1
104.25 1 0 0 2.5 1 1
104.75 1 0 0 2.5 1 1
105.25 1 0 0 2.5 1 1
105.75 1 0 0 2.5 1 1
106.25 1 0 0 2.5 1 1
106.75 1 0 0 2.5 1 1
107.25 1 0 0 2.5 1 1
107.75 1 0 0 2.5 1 1
108.25 1 0 0 2.5 1 1
108.75 1 0 0 2.5 1 1
109.25 1 0 0 2.5 1 1
109.75 1 0 0 2.5 1 1
110.25 1 0 0 2.5 1 1
110.75 1 0 0 2.5 1 1
111.25 1 0 0 2.5 1 1
111.75 1 0 0 2.5 1 1
112.25 1 0 0 2.5 1 1
112.75 1 0 0 2.5 1 1
113.25 1 0 0 2.5 1 1
113.75 1 0 0 2.5 1 1
114.25 1 0 0 2.5 1 1
114.75 1 0 0 2.5 1 1
115.25 1 0 0 2.5 1 1
115.75 1 0 0 2.5 1 1
116.25 1 0 0 2.5 1 1
116.75 1 0 0 2.5 1 1
117.25 1 0 0 2.5 1 1
117.75 1 0 0 2.5 1 1
118.25 1 0 0 2.5 1 1
118.75 1 0 0 2.5 1 1
119.25 1 0 0 2.5 1 1
119.75 1 0 0 2.5 1 1
120.25 1 0 0 2.5 1 1
120.75 1 0 0 2.5 1 1
121.25 1 0 0 2.5 1 1
121.75 1 0 0 2.5 1 1
122.25 1 0 0 2.5 1 1
122.75 1 0 0 2.5 1 1
123.25 1 0 0 2.5 1 1
123.75 1 0 0 2.5 1 1
124.25 1 0 0 2.5 1 1
124.75 1 0 0 2.5 1 1
125.25 1 0 0 2.5 1 1
125.75 1 0 0 2.5 1 1
126.25 1 0 0 2.5 1 1
126.75 1 0 0 2.5 1 1
127.25 1 0 0 2.5 1 1
127.75 1 0 0 2.5 1 1
128.25 1 0 0 2.5 1 1
128.75 1 0 0 2.5 1 1
129.25 1 0 0 2.5 1 1
129.75 1 0 0 2.5 1 1
130.25 1 0 0 2.5 1 1
130.75 1 0 0 2.5 1 1
131.25 1 0 0 2.5 1 1
131.75 1 0 0 2.5 1 1
132.25 1 0 0 2.5 1 1
132.75 1 0 0 2.5 1 1
133.25 1 0 0 2.5 1 1
133.75 1 0 0 2.5 1 1
134.25 1 0 0 2.5 1 1
134.75 1 0 0 2.5 1 1
135.25 1 0 0 2.5 1 1
135.75 1 0 0 2.5 1 1
136.25 1 0 0 2.5 1 1
136.75 1 0 0 2.5 1 1
137.25 1 0 0 2.5 1 1
137.75 1 0 0 2.5 1 1
138.25 1 0 0 2.5 1 1
138.75 1 0 0 2.5 1 1
139.25 1 0 0 2.5 1 1
139.75 1 0 0 2.5 1 1
140.25 1 0 0 2.5 1 1
140.75 1 0 0 2.5 1 1
141.25 1 0 0 2.5 1 1
141.75 1 0 0 2.5 1 1
142.25 1 0 0 2.5 1 1
142.75 1 0 0 2.5 1 1
143.25 1 0 0 2.5 1 1
143.75 1 0 0 2.5 1 1
144.25 1 0 0 2.5 1 1
144.75 1 0 0 2.5 1 1
145.25 1 0 0 2.5 1 1
145.75 1 0 0 2.5 1 1
146.25 1 0 0 2.5 1 1
146.75 1 0 0 2.5 1 1
147.25 1 0 0 2.5 1 1
147.75 1 0 0 2.5 1 1
148.25 1 0 0 2.5 1 1
148.75 1 0 0 2.5 1 1
149.25 1 0 0 2.5 1 1
149.75 1 0 0 2.5 1 1
150.25 0.138 0 0 10.8641 1 0
150.75 0.138 0 0 10.8641 1 0
151.25 0.138 0 0 10.8641 1 0
151.75 0.138 0 0 10.8641 1 0
152.25 0.138 0 0 10.8641 1 0
152.75 0.138 0 0 10.8641 1 0
153.25 0.138 0 0 10.8641 1 0
153.75 0.138 0 0 10.8641 1 0
154.25 0.138 0 0 10.8641 1 0
154.75 0.138 0 0 10.8641 1 0
155.25 0.138 0 0 10.8641 1 0
155.75 0.138 0 0 10.8641 1 0
156.25 0.138 0 0 10.8641 1 0
156.75 0.138 0 0 10.8641 1 0
157.25 0.138 0 0 10.8641 1 0
157.75 0.138 0 0 10.8641 1 0
158.25 0.138 0 0 10.8641 1 0
158.75 0.138 0 0 10.8641 1 0
159.25 0.138 0 0 10.8641 1 0
159.75 0.138 0 0 10.8641 1 0
160.25 0.138 0 0 10.8641 1 0
160.75 0.138 0 0 10.8641 1 0
161.25 0.138 0 0 10.8641 1 0
161.75 0.138 0 0 10.8641 1 0
162.25 0.138 0 0 10.8641 1 0
162.75 0.138 0 0 10.8641 1 0
163.25 0.138 0 0 10.8641 1 0
163.75 0.138 0 0 10.8641 1 0
164.25 0.138 0 0 10.8641 1 0
164.75 0.138 0 0 10.8641 1 0
165.25 0.138 0 0 10.8641 1 0
165.75 0.138 0 0 10.8641 1 0
166.25 0.138 0 0 10.8641 1 0
166.75 0.138 0 0 10.8641 1 0
167.25 0.138 0 0 10.8641 1 0
167.75 0.138 0 0 10.8641 1 0
168.25 0.138 0 0 10.8641 1 0
168.75 0.138 0 0 10.8641 1 0
169.25 0.138 0 0 10.8641 1 0
169.75 0.138 0 0 10.8641 1 0
170.25 0.138 0 0 10.8641 1 0
170.75 0.138 0 0 10.8641 1 0
171.25 0.138 0 0 10.8641 1 0
171.75 0.138 0 0 10.8641 1 0
172.25 0.138 0 0 10.8641 1 0
172.75 0.138 0 0 10.8641 1 0
173.25 0.138 0 0 10.8641 1 0
173.75 0.138 0 0 10.8641 1 0
174.25 0.138 0 0 10.8641 1 0
174.75 0.138 0 0 10.8641 1 0
175.25 0.138 0 0 10.8641 1 0
175.75 0.138 0 0 10.8641 1 0
176.25 0.138 0 0 10.8641 1 0
176.75 0.138 0 0 10.8641 1 0
177.25 0.138 0 0 10.8641 1 0
177.75 0.138 0 0 10.8641 1 0
178.25 0.138 0 0 10.8641 1 0
178.75 0.138 0 0 10.8641 1 0
179.25 0.138 0 0 10.8641 1 0
179.75 0.138 0 0 10.8641 1 0
180.25 0.138 0 0 10.8641 1 0
180.75 0.138 0 0 10.8641 1 0
181.25 0.138 0 0 10.8641 1 0
181.75 0.138 0 0 10.8641 1 0
182.25 0.138 0 0 10.8641 1 0
182.75 0.138 0 0 10.8641 1 0
183.25 0.138 0 0 10.8641 1 0
183.75 0.138 0 0 10.8641 1 0
184.25 0.138 0 0 10.8641 1 0
184.75 0.138 0 0 10.8641 1 0
185.25 0.138 0 0 10.8641 1 0
185.75 0.138 0 0 10.8641 1 0
186.25 0.138 0 0 10.8641 1 0
186.75 0.138 0 0 10.8641 1 0
187.25 0.138 0 0 10.8641 1 0
187.75 0.138 0 0 10.8641 1 0
188.25 0.138 0 0 10.8641 1 0
188.75 0.138 0 0 10.8641 1 0
189.25 0.138 0 0 10.8641 1 0
189.75 0.138 0 0 10.8641 1 0
190.25 0.138 0 0 10.8641 1 0
190.75 0.138 0 0 10.8641 1 0
191.25 0.138 0 0 10.8641 1 0
191.75 0.138 0 0 10.8641 1 0
192.25 0.138 0 0 10.8641 1 0
192.75 0.138 0 0 10.8641 1 0
193.25 0.138 0 0 10.8641 1 0
193.75 0.138 0 0 10.8641 1 0
194.25 0.138 0 0 10.8641 1 0
194.75 0.138 0 0 10.8641 1 0
195.25 0.138 0 0 10.8641 1 0
195.75 0.138 0 0 10.8641 1 0
196.25 0.138 0 0 10.8641 1 0
196.75 0.138 0 0 10.8641 1 0
197.25 0.138 0 0 10.8641 1 0
197.75 0.138 0 0 10.8641 1 0
198.25 0.138 0 0 10.8641 1 0
198.75 0.138 0 0 10.8641 1 0
199.25 0.138 0 0 10.8641 1 0
199.75 0.138 0 0 10.8641 1 0
200.25 1 0 0 2.5 1 1
200.75 1 0 0 2.5 1 1
201.25 1 0 0 2.5 1 1
201.75 1 0 0 2.5 1 1
202.25 1 0 0 2.5 1 1
202.75 1 0 0 2.5 1 1
203.25 1 0 0 2.5 1 1
203.75 1 0 0 2.5 1 1
204.25 1 0 0 2.5 1 1
204.75 1 0 0 2.5 1 1
205.25 1 0 0 2.5 1 1
205.75 1 0 0 2.5 1 1
206.25 1 0 0 2.5 1 1
206.75 1 0 0 2.5 1 1
207.25 1 0 0 2.5 1 1
207.75 1 0 0 2.5 1 1
208.25 1 0 0 2.5 1 1
208.75 1 0 0 2.5 1 1
209.25 1 0 0 2.5 1 1
209.75 1 0 0 2.5 1 1
210.25 1 0 0 2.5 1 1
210.75 1 0 0 2.5 1 1
211.25 1 0 0 2.5 1 1
211.75 1 0 0 2.5 1 1
212.25 1 0 0 2.5 1 1
212.75 1 0 0 2.5 1 1
213.25 1 0 0 2.5 1 1
213.75 1 0 0 2.5 1 1
214.25 1 0 0 2.5 1 1
214.75 1 0 0 2.5 1 1
215.25 1 0 0 2.5 1 1
215.75 1 0 0 2.5 1 1
216.25 1 0 0 2.5 1 1
216.75 1 0 0 2.5 1 1
217.25 1 0 0 2.5 1 1
217.75 1 0 0 2.5 1 1
218.25 1 0 0 2.5 1 1
218.75 1 0 0 2.5 1 1
219.25 1 0 0 2.5 1 1
219.75 1 0 0 2.5 1 1
220.25 1 0 0 2.5 1 1
220.75 1 0 0 2.5 1 1
221.25 1 0 0 2.5 1 1
221.75 1 0 0 2.5 1 1
222.25 1 0 0 2.5 1 1
222.75 1 0 0 2.5 1 1
223.25 1 0 0 2.5 1 1
223.75 1 0 0 2.5 1 1
224.25 1 0 0 2.5 1 1
224.75 1 0 0 2.5 1 1
225.25 1.3764 -0.394 0 2.85128 1.5698 1
225.75 1.3764 -0.394 0 2.85128 1.5698 1
226.25 1.3764 -0.394 0 2.85128 1.5698 1
226.75 1.3764 -0.394 0 2.85128 1.5698 1
227.25 1.3764 -0.394 0 2.85128 1.5698 1
227.75 1.3764 -0.394 0 2.85128 1.5698 1
228.25 1.3764 -0.394 0 2.85128 1.5698 1
228.75 1.3764 -0.394 0 2.85128 1.5698 1
229.25 1.3764 -0.394 0 2.85128 1.5698 1
229.75 1.3764 -0.394 0 2.85128 1.5698 1
230.25 1.3764 -0.394 0 2.85128 1.5698 1
230.75 1.3764 -0.394 0 2.85128 1.5698 1
231.25 1.3764 -0.394 0 2.85128 1.5698 1
231.75 1.3764 -0.394 0 2.85128 1.5698 1
232.25 1.3764 -0.394 0 2.85128 1.5698 1
232.75 1.3764 -0.394 0 2.85128 1.5698 1
233.25 1.3764 -0.394 0 2.85128 1.5698 1
233.75 1.3764 -0.394 0 2.85128 1.5698 1
234.25 1.3764 -0.394 0 2.85128 1.5698 1
234.75 1.3764 -0.394 0 2.85128 1.5698 1
235.25 1.3764 -0.394 0 2.85128 1.5698 1
235.75 1.3764 -0.394 0 2.85128 1.5698 1
236.25 1.3764 -0.394 0 2.85128 1.5698 1
236.75 1.3764 -0.394 0 2.85128 1.5698 1
237.25 1.3764 -0.394 0 2.85128 1.5698 1
237.75 1.3764 -0.394 0 2.85128 1.5698 1
238.25 1.3764 -0.394 0 2.85128 1.5698 1
238.75 1.3764 -0.394 0 2.85128 1.5698 1
239.25 1.3764 -0.394 0 2.85128 1.5698 1
239.75 1.3764 -0.394 0 2.85128 1.5698 1
240.25 1.3764 -0.394 0 2.85128 1.5698 1
240.75 1.3764 -0.394 0 2.85128 1.5698 1
241.25 1.3764 -0.394 0 2.85128 1.5698 1
241.75 1.3764 -0.394 0 2.85128 1.5698 1
242.25 1.3764 -0.394 0 2.85128 1.5698 1
242.75 1.3764 -0.394 0 2.85128 1.5698 1
243.25 1.3764 -0.394 0 2.85128 1.5698 1
243.75 1.3764 -0.394 0 2.85128 1.5698 1
244.25 1.3764 -0.394 0 2.85128 1.5698 1
244.75 1.3764 -0.394 0 2.85128 1.5698 1
245.25 1.3764 -0.394 0 2.85128 1.5698 1
245.75 1.3764 -0.394 0 2.85128 1.5698 1
246.25 1.3764 -0.394 0 2.85128 1.5698 1
246.75 1.3764 -0.394 0 2.85128 1.5698 1
247.25 1.3764 -0.394 0 2.85128 1.5698 1
247.75 1.3764 -0.394 0 2.85128 1.5698 1
248.25 1.3764 -0.394 0 2.85128 1.5698 1
248.75 1.3764 -0.394 0 2.85128 1.5698 1
249.25 1.3764 -0.394 0 2.85128 1.5698 1
249.75 1.3764 -0.394 0 2.85128 1.5698 1
250.25 1.3764 -0.394 0 2.85128 1.5698 1
250.75 1.3764 -0.394 0 2.85128 1.5698 1
251.25 1.3764 -0.394 0 2.85128 1.5698 1
251.75 1.3764 -0.394 0 2.85128 1.5698 1
252.25 1.3764 -0.394 0 2.85128 1.5698 1
252.75 1.3764 -0.394 0 2.85128 1.5698 1
253.25 1.3764 -0.394 0 2.85128 1.5698 1
253.75 1.3764 -0.394 0 2.85128 1.5698 1
254.25 1.3764 -0.394 0 2.85128 1.5698 1
254.75 1.3764 -0.394 0 2.85128 1.5698 1
255.25 1.3764 -0.394 0 2.85128 1.5698 1
255.75 1.3764 -0.394 0 2.85128 1.5698 1
256.25 1.3764 -0.394 0 2.85128 1.5698 1
256.75 1.3764 -0.394 0 2.85128 1.5698 1
257.25 1.3764 -0.394 0 2.85128 1.5698 1
257.75 1.3764 -0.394 0 2.85128 1.5698 1
258.25 1.3764 -0.394 0 2.85128 1.5698 1
258.75 1.3764 -0.394 0 2.85128 1.5698 1
259.25 1.3764 -0.394 0 2.85128 1.5698 1
259.75 1.3764 -0.394 0 2.85128 1.5698 1
260.25 1.3764 -0.394 0 2.85128 1.5698 1
260.75 1.3764 -0.394 0 2.85128 1.5698 1
261.25 1.3764 -0.394 0 2.85128 1.5698 1
261.75 1.3764 -0.394 0 2.85128 1.5698 1
262.25 1.3764 -0.394 0 2.85128 1.5698 1
262.75 1.3764 -0.394 0 2.85128 1.5698 1
263.25 1.3764 -0.394 0 2.85128 1.5698 1
263.75 1.3764 -0.394 0 2.85128 1.5698 1
264.25 1.3764 -0.394 0 2.85128 1.5698 1
264.75 1.3764 -0.394 0 2.85128 1.5698 1
265.25 1.3764 -0.394 0 2.85128 1.5698 1
265.75 1.3764 -0.394 0 2.85128 1.5698 1
266.25 1.3764 -0.394 0 2.85128 1.5698 1
266.75 1.3764 -0.394 0 2.85128 1.5698 1
267.25 1.3764 -0.394 0 2.85128 1.5698 1
267.75 1.3764 -0.394 0 2.85128 1.5698 1
268.25 1.3764 -0.394 0 2.85128 1.5698 1
268.75 1.3764 -0.394 0 2.85128 1.5698 1
269.25 1.3764 -0.394 0 2.85128 1.5698 1
269.75 1.3764 -0.394 0 2.85128 1.5698 1
270.25 1.3764 -0.394 0 2.85128 1.5698 1
270.75 1.3764 -0.394 0 2.85128 1.5698 1
271.25 1.3764 -0.394 0 2.85128 1.5698 1
271.75 1.3764 -0.394 0 2.85128 1.5698 1
272.25 1.3764 -0.394 0 2.85128 1.5698 1
272.75 1.3764 -0.394 0 2.85128 1.5698 1
273.25 1.3764 -0.394 0 2.85128 1.5698 1
273.75 1.3764 -0.394 0 2.85128 1.5698 1
274.25 1.3764 -0.394 0 2.85128 1.5698 1
274.75 1.3764 -0.394 0 2.85128 1.5698 1
275.25 1.3764 -0.394 0 2.85128 1.5698 1
275.75 1.3764 -0.394 0 2.85128 1.5698 1
276.25 1.3764 -0.394 0 2.85128 1.5698 1
276.75 1.3764 -0.394 0 2.85128 1.5698 1
277.25 1.3764 -0.394 0 2.85128 1.5698 1
277.75 1.3764 -0.394 0 2.85128 1.5698 1
278.25 1.3764 -0.394 0 2.85128 1.5698 1
278.75 1.3764 -0.394 0 2.85128 1.5698 1
279.25 1.3764 -0.394 0 2.85128 1.5698 1
279.75 1.3764 -0.394 0 2.85128 1.5698 1
280.25 1.3764 -0.394 0 2.85128 1.5698 1
280.75 1.3764 -0.394 0 2.85128 1.5698 1
281.25 1.3764 -0.394 0 2.85128 1.5698 1
281.75 1.3764 -0.394 0 2.85128 1.5698 1
282.25 1.3764 -0.394 0 2.85128 1.5698 1
282.75 1.3764 -0.394 0 2.85128 1.5698 1
283.25 1.3764 -0.394 0 2.85128 1.5698 1
283.75 1.3764 -0.394 0 2.85128 1.5698 1
284.25 1.3764 -0.394 0 2.85128 1.5698 1
284.75 1.3764 -0.394 0 2.85128 1.5698 1
285.25 1.3764 -0.394 0 2.85128 1.5698 1
285.75 1.3764 -0.394 0 2.85128 1.5698 1
286.25 1.3764 -0.394 0 2.85128 1.5698 1
286.75 1.3764 -0.394 0 2.85128 1.5698 1
287.25 1.3764 -0.394 0 2.85128 1.5698 1
287.75 1.3764 -0.394 0 2.85128 1.5698 1
288.25 1.3764 -0.394 0 2.85128 1.5698 1
288.75 1.3764 -0.394 0 2.85128 1.5698 1
289.25 1.3764 -0.394 0 2.85128 1.5698 1
289.75 1.3764 -0.394 0 2.85128 1.5698 1
290.25 1.3764 -0.394 0 2.85128 1.5698 1
290.75 1.3764 -0.394 0 2.85128 1.5698 1
291.25 1.3764 -0.394 0 2.85128 1.5698 1
291.75 1.3764 -0.394 0 2.85128 1.5698 1
292.25 1.3764 -0.394 0 2.85128 1.5698 1
292.75 1.3764 -0.394 0 2.85128 1.5698 1
293.25 1.3764 -0.394 0 2.85128 1.5698 1
293.75 1.3764 -0.394 0 2.85128 1.5698 1
294.25 1.3764 -0.394 0 2.85128 1.5698 1
294.75 1.3764 -0.394 0 2.85128 1.5698 1
295.25 1.3764 -0.394 0 2.85128 1.5698 1
295.75 1.3764 -0.394 0 2.85128 1.5698 1
296.25 1.3764 -0.394 0 2.85128 1.5698 1
296.75 1.3764 -0.394 0 2.85128 1.5698 1
297.25 1.3764 -0.394 0 2.85128 1.5698 1
297.75 1.3764 -0.394 0 2.85128 1.5698 1
298.25 1.3764 -0.394 0 2.85128 1.5698 1
298.75 1.3764 -0.394 0 2.85128 1.5698 1
299.25 1.3764 -0.394 0 2.85128 1.5698 1
299.75 1.3764 -0.394 0 2.85128 1.5698 1
300.25 1.3764 -0.394 0 2.85128 1.5698 1
300.75 1.3764 -0.394 0 2.85128 1.5698 1
301.25 1.3764 -0.394 0 2.85128 1.5698 1
301.75 1.3764 -0.394 0 2.85128 1.5698 1
302.25 1.3764 -0.394 0 2.85128 1.5698 1
302.75 1.3764 -0.394 0 2.85128 1.5698 1
303.25 1.3764 -0.394 0 2.85128 1.5698 1
303.75 1.3764 -0.394 0 2.85128 1.5698 1
304.25 1.3764 -0.394 0 2.85128 1.5698 1
304.75 1.3764 -0.394 0 2.85128 1.5698 1
305.25 1.3764 -0.394 0 2.85128 1.5698 1
305.75 1.3764 -0.394 0 2.85128 1.5698 1
306.25 1.3764 -0.394 0 2.85128 1.5698 1
306.75 1.3764 -0.394 0 2.85128 1.5698 1
307.25 1.3764 -0.394 0 2.85128 1.5698 1
307.75 1.3764 -0.394 0 2.85128 1.5698 1
308.25 1.3764 -0.394 0 2.85128 1.5698 1
308.75 1.3764 -0.394 0 2.85128 1.5698 1
309.25 1.3764 -0.394 0 2.85128 1.5698 1
309.75 1.3764 -0.394 0 2.85128 1.5698 1
310.25 1.3764 -0.394 0 2.85128 1.5698 1
310.75 1.3764 -0.394 0 2.85128 1.5698 1
311.25 1.3764 -0.394 0 2.85128 1.5698 1
311.75 1.3764 -0.394 0 2.85128 1.5698 1
312.25 1.3764 -0.394 0 2.85128 1.5698 1
312.75 1.3764 -0.394 0 2.85128 1.5698 1
313.25 1.3764 -0.394 0 2.85128 1.5698 1
313.75 1.3764 -0.394 0 2.85128 1.5698 1
314.25 1.3764 -0.394 0 2.85128 1.5698 1
314.75 1.3764 -0.394 0 2.85128 1.5698 1
315.25 1.3764 -0.394 0 2.85128 1.5698 1
315.75 1.3764 -0.394 0 2.85128 1.5698 1
316.25 1.3764 -0.394 0 2.85128 1.5698 1
316.75 1.3764 -0.394 0 2.85128 1.5698 1
317.25 1.3764 -0.394 0 2.85128 1.5698 1
317.75 1.3764 -0.394 0 2.85128 1.5698 1
318.25 1.3764 -0.394 0 2.85128 1.5698 1
318.75 1.3764 -0.394 0 2.85128 1.5698 1
319.25 1.3764 -0.394 0 2.85128 1.5698 1
319.75 1.3764 -0.394 0 2.85128 1.5698 1
320.25 1.3764 -0.394 0 2.85128 1.5698 1
320.75 1.3764 -0.394 0 2.85128 1.5698 1
321.25 1.3764 -0.394 0 2.85128 1.5698 1
321.75 1.3764 -0.394 0 2.85128 1.5698 1
322.25 1.3764 -0.394 0 2.85128 1.5698 1
322.75 1.3764 -0.394 0 2.85128 1.5698 1
323.25 1.3764 -0.394 0 2.85128 1.5698 1
323.75 1.3764 -0.394 0 2.85128 1.5698 1
324.25 1.3764 -0.394 0 2.85128 1.5698 1
324.75 1.3764 -0.394 0 2.85128 1.5698 1
325.25 1.3764 -0.394 0 2.85128 1.5698 1
325.75 1.3764 -0.394 0 2.85128 1.5698 1
