0 0 0
0.0575442 9.16279e-05 1.04884e-15
0.115088 0.000183256 1.25861e-15
0.172633 0.000274884 -1.88791e-15
0.230177 0.000366512 -1.25861e-15
0.287721 0.00045814 -2.93675e-15
0.431582 0.000687209 -6.29304e-16
0.575442 0.000916279 -1.88791e-15
0.719303 0.00114535 -2.09768e-16
0.863163 0.00137442 -8.39072e-16
1.00702 0.00160349 -8.39072e-16
1.15088 0.00183256 -4.19536e-16
1.29475 0.00206163 -2.09768e-15
1.43861 0.0022907 -8.39072e-16
1.58247 0.00251977 -1.67814e-15
1.72633 0.00274884 1.04884e-15
1.87019 0.00297791 -4.19536e-16
2.01405 0.00320698 -1.25861e-15
2.15791 0.00343605 4.19536e-16
2.30177 0.00366512 -6.29304e-16
2.44563 0.00389419 6.29304e-16
2.58949 0.00412326 -4.19536e-16
2.73335 0.00435233 1.25861e-15
2.87721 0.0045814 8.39072e-16
3.02107 0.00481047 -2.09768e-16
3.16493 0.00503954 -2.72698e-15
3.30879 0.0052686 -8.39072e-16
3.45265 0.00549767 -6.29304e-16
3.59651 0.00572674 -6.29304e-16
3.74037 0.00595581 1.04884e-15
3.88424 0.00618488 -4.19536e-16
4.0281 0.00641395 2.09768e-16
4.17196 0.00664302 -2.09768e-16
4.31582 0.00687209 1.04884e-15
4.45968 0.00710116 -4.19536e-16
4.60354 0.00733023 -6.29304e-16
4.7474 0.0075593 8.39072e-16
4.89126 0.00778837 1.25861e-15
5.03512 0.00801744 8.39072e-16
5.17898 0.00824651 0
5.32284 0.00847558 2.09768e-16
5.4667 0.00870465 4.19536e-16
5.61056 0.00893372 6.29304e-16
5.75442 0.00916279 -2.09768e-15
5.89828 0.00939186 -2.09768e-16
6.04214 0.00962093 1.46838e-15
6.186 0.00985 4.19536e-16
6.32986 0.0100791 -8.39072e-16
6.47373 0.0103081 -6.29304e-16
6.61759 0.0105372 1.46838e-15
6.76145 0.0107663 0
6.90531 0.0109953 8.39072e-16
7.04917 0.0112244 8.39072e-16
7.19303 0.0114535 2.09768e-16
7.33689 0.0116826 -2.09768e-16
7.48075 0.0119116 4.19536e-16
7.62461 0.0121407 2.09768e-16
7.76847 0.0123698 8.39072e-16
7.91233 0.0125988 4.19536e-16
8.05619 0.0128279 -1.04884e-15
8.20005 0.013057 6.29304e-16
8.34391 0.013286 -8.39072e-16
8.48777 0.0135151 1.04884e-15
8.63163 0.0137442 4.19536e-16
8.77549 0.0139733 4.19536e-16
8.91935 0.0142023 4.19536e-16
9.06322 0.0144314 4.19536e-16
9.20708 0.0146605 4.19536e-16
9.35094 0.0148895 -1.88791e-15
9.4948 0.0151186 0
9.63866 0.0153477 0
9.78252 0.0155767 -6.29304e-16
9.92638 0.0158058 -1.88791e-15
10.0702 0.0160349 2.09768e-16
10.2141 0.016264 -4.19536e-16
10.358 0.016493 -2.30745e-15
10.5018 0.0167221 -2.72698e-15
10.6457 0.0169512 -4.19536e-15
10.7895 0.0171802 -8.39072e-15
10.9334 0.0174093 -1.1747e-14
11.0773 0.0176384 -1.86694e-14
11.2211 0.0178674 -1.92987e-14
11.365 0.0180965 -2.03475e-14
11.5088 0.0183256 -2.24452e-14
11.6527 0.0185547 -2.55917e-14
11.7966 0.0187837 -3.02066e-14
11.9404 0.0190128 -3.75485e-14
12.0843 0.0192419 -4.9715e-14
12.2281 0.0194709 -6.02034e-14
12.372 0.0197 -7.63556e-14
12.5159 0.0199291 -8.09704e-14
12.6597 0.0201581 -8.72635e-14
12.8036 0.0203872 -8.91514e-14
12.9474 0.0206163 -9.35565e-14
13.0913 0.0208453 -9.79617e-14
13.2352 0.0210744 -1.06143e-13
13.379 0.0213035 -1.0866e-13
13.5229 0.0215325 -1.13694e-13
13.6667 0.0217616 -1.20617e-13
13.8106 0.0219906 -1.31944e-13
13.9544 0.0222197 -1.41593e-13
14.0983 0.0224487 -1.47467e-13
14.2421 0.0226777 -1.5397e-13
14.3859 0.0229067 -1.57326e-13
14.5297 0.0231356 -1.6299e-13
14.6735 0.0233646 -1.72429e-13
14.8172 0.0235936 -1.87323e-13
14.961 0.0238225 -2.01587e-13
15.1047 0.0240513 -2.05363e-13
15.2484 0.02428 -2.12075e-13
15.3918 0.0245085 -2.23822e-13
15.5352 0.0247367 -2.32003e-13
15.6788 0.0249654 -2.45009e-13
15.8218 0.0251931 -2.50463e-13
15.9645 0.0254203 -2.58224e-13
16.1076 0.0256482 -2.61161e-13
16.2496 0.0258743 -2.65357e-13
16.3912 0.0260997 -2.7165e-13
16.5335 0.0263264 -2.82138e-13
16.6751 0.0265519 -2.8906e-13
16.8159 0.026776 -2.99758e-13
16.9559 0.0269989 -3.17379e-13
17.0941 0.027219 -3.45278e-13
17.2341 0.027442 -3.73387e-13
17.3708 0.0276596 -4.00028e-13
17.507 0.0278765 -4.14921e-13
17.6407 0.0280894 -4.30444e-13
17.7735 0.0283009 -4.45967e-13
17.9136 0.0285239 -4.6107e-13
18.043 0.02873 -4.74495e-13
18.1754 0.0289408 -4.8813e-13
18.303 0.029144 -5.00716e-13
18.4337 0.0293521 -5.10366e-13
18.5603 0.0295537 -5.25049e-13
18.6856 0.0297532 -5.46865e-13
18.8101 0.0299514 -5.605e-13
18.9339 0.0301486 -5.74135e-13
19.0573 0.0303451 -5.8777e-13
19.1812 0.0305422 -6.08537e-13
19.3151 0.0307555 -6.35807e-13
19.4377 0.0309507 -6.54057e-13
19.5597 0.031145 -6.73565e-13
19.6819 0.0313396 -6.94122e-13
19.8036 0.0315334 -7.19085e-13
19.9247 0.0317262 -7.50969e-13
20.0459 0.0319192 -7.79917e-13
20.1668 0.0321117 -8.15578e-13
20.2875 0.0323039 -8.36135e-13
20.408 0.0324957 -8.53756e-13
20.5282 0.0326871 -8.74942e-13
20.6484 0.0328785 -9.07876e-13
20.7683 0.0330694 -9.3997e-13
20.888 0.0332601 -9.88846e-13
21.0079 0.033451 -1.04339e-12
21.1278 0.0336418 -1.10338e-12
21.2473 0.0338321 -1.14177e-12
21.3667 0.0340222 -1.19148e-12
21.4859 0.0342122 -1.25483e-12
21.6052 0.0344021 -1.30287e-12
21.7244 0.0345918 -1.33937e-12
21.8434 0.0347814 -1.37839e-12
21.9623 0.0349707 -1.41006e-12
22.0812 0.03516 -1.44929e-12
22.2001 0.0353493 -1.49544e-12
22.3188 0.0355384 -1.52459e-12
22.4376 0.0357274 -1.5441e-12
22.5562 0.0359163 -1.56508e-12
22.6748 0.0361052 -1.58417e-12
22.7933 0.0362938 -1.61102e-12
22.9118 0.0364826 -1.64416e-12
23.0303 0.0366713 -1.67919e-12
23.1488 0.03686 -1.71527e-12
23.2672 0.0370484 -1.75198e-12
23.3856 0.0372369 -1.78848e-12
23.5038 0.0374252 -1.80254e-12
23.6221 0.0376136 -1.81701e-12
23.7403 0.0378018 -1.84344e-12
23.8585 0.03799 -1.85204e-12
23.9768 0.0381783 -1.86169e-12
24.0949 0.0383665 -1.88141e-12
24.2131 0.0385546 -1.90134e-12
24.3312 0.0387426 -1.92861e-12
24.4492 0.0389306 -1.94749e-12
24.5673 0.0391186 -1.98503e-12
24.6852 0.0393064 -2.0165e-12
24.8032 0.0394943 -2.04922e-12
24.9212 0.0396821 -2.08635e-12
25.039 0.0398698 -2.12327e-12
25.164 0.0400688 -2.17005e-12
25.2819 0.0402565 -2.19417e-12
25.3996 0.040444 -2.22018e-12
25.5173 0.0406314 -2.25438e-12
25.635 0.0408188 -2.2913e-12
25.7527 0.0410061 -2.33598e-12
25.8702 0.0411933 -2.4052e-12
25.9877 0.0413804 -2.47254e-12
26.1052 0.0415675 -2.52728e-12
26.2227 0.0417545 -2.577e-12
26.3402 0.0419416 -2.62336e-12
26.4577 0.0421286 -2.66741e-12
26.575 0.0423155 -2.71293e-12
26.6923 0.0425023 -2.77922e-12
26.8096 0.0426891 -2.83355e-12
26.9269 0.0428758 -2.88536e-12
27.0442 0.0430626 -2.94619e-12
27.1712 0.0432648 -3.00912e-12
27.2884 0.0434514 -3.05296e-12
27.4056 0.0436381 -3.09387e-12
27.5229 0.0438248 -3.14925e-12
27.64 0.0440113 -3.18742e-12
27.7572 0.0441979 -3.22896e-12
27.8743 0.0443844 -3.27259e-12
27.9914 0.0445708 -3.32587e-12
28.1085 0.0447572 -3.40139e-12
28.2255 0.0449436 -3.49222e-12
28.3426 0.04513 -3.53081e-12
28.4596 0.0453164 -3.5734e-12
28.5766 0.0455027 -3.62332e-12
28.6936 0.045689 -3.66549e-12
28.8106 0.0458752 -3.68478e-12
28.9276 0.0460615 -3.71709e-12
29.0445 0.0462476 -3.7603e-12
29.1613 0.0464337 -3.82952e-12
29.2783 0.0466199 -3.90966e-12
29.3951 0.0468059 -3.98895e-12
29.512 0.0469921 -4.04747e-12
29.6289 0.0471783 -4.10201e-12
29.7457 0.0473642 -4.13579e-12
29.8624 0.0475501 -4.16662e-12
29.9793 0.0477362 -4.19935e-12
30.096 0.047922 -4.25053e-12
30.2127 0.0481077 -4.3164e-12
30.3292 0.0482934 -4.41352e-12
30.4458 0.0484789 -4.46323e-12
30.5623 0.0486645 -4.5161e-12
30.6791 0.0488505 -4.57986e-12
30.7956 0.049036 -4.6214e-12
30.9121 0.0492214 -4.66021e-12
31.0285 0.0494068 -4.71076e-12
31.145 0.0495923 -4.79781e-12
31.2614 0.0497776 -4.85928e-12
31.3777 0.0499628 -4.92745e-12
31.494 0.0501481 -4.97171e-12
31.6103 0.0503332 -5.02604e-12
31.7266 0.0505184 -5.10366e-12
31.8428 0.0507034 -5.18148e-12
31.959 0.0508885 -5.25553e-12
32.0752 0.0510735 -5.3216e-12
32.1914 0.0512585 -5.38286e-12
32.3075 0.0514434 -5.42859e-12
32.4237 0.0516283 -5.48145e-12
32.5397 0.0518131 -5.54333e-12
32.6558 0.0519979 -5.63038e-12
32.7718 0.0521826 -5.73359e-12
32.8878 0.0523673 -5.8133e-12
33.0038 0.052552 -5.86364e-12
33.1197 0.0527367 -5.92511e-12
33.2368 0.0529231 -5.98741e-12
33.3527 0.0531076 -6.04216e-12
33.4686 0.0532921 -6.12166e-12
33.5845 0.0534767 -6.22843e-12
33.7003 0.0536611 -6.31989e-12
33.8161 0.0538455 -6.4231e-12
33.9319 0.0540299 -6.50239e-12
34.0477 0.0542142 -6.55735e-12
34.1634 0.0543985 -6.63412e-12
34.2791 0.0545828 -6.72789e-12
34.3948 0.054767 -6.83844e-12
34.5105 0.0549513 -6.91899e-12
34.6263 0.0551356 -7.00604e-12
34.742 0.0553198 -7.0782e-12
34.8576 0.0555039 -7.17616e-12
34.9732 0.055688 -7.25588e-12
35.0888 0.055872 -7.34272e-12
35.2044 0.0560561 -7.44886e-12
35.32 0.0562402 -7.56759e-12
35.4356 0.0564242 -7.68842e-12
35.5511 0.0566082 -7.79183e-12
35.6667 0.0567922 -7.87973e-12
35.7823 0.0569762 -7.95482e-12
35.8978 0.0571602 -8.04062e-12
36.0286 0.0573685 -8.13124e-12
36.1441 0.0575525 -8.23507e-12
36.2596 0.0577364 -8.35044e-12
36.3751 0.0579203 -8.48658e-12
36.4908 0.0581044 -8.59482e-12
36.6063 0.0582883 -8.68335e-12
36.7218 0.0584723 -8.76893e-12
36.8374 0.0586563 -8.85053e-12
36.9529 0.0588403 -8.94661e-12
37.0685 0.0590243 -9.04541e-12
37.1841 0.0592084 -9.15511e-12
37.2997 0.0593925 -9.29272e-12
37.4154 0.0595767 -9.42991e-12
37.5312 0.059761 -9.58808e-12
37.6469 0.0599453 -9.7217e-12
37.7626 0.0601296 -9.85091e-12
37.8784 0.060314 -9.95244e-12
37.9943 0.0604984 -1.00508e-11
38.1102 0.060683 -1.0144e-11
38.2262 0.0608677 -1.02572e-11
38.3422 0.0610525 -1.0376e-11
38.4584 0.0612375 -1.05159e-11
38.5747 0.0614226 -1.06589e-11
38.6911 0.061608 -1.07963e-11
38.8076 0.0617935 -1.09465e-11
38.9243 0.0619793 -1.10695e-11
39.0411 0.0621653 -1.11815e-11
39.158 0.0623514 -1.13138e-11
39.2749 0.0625377 -1.1424e-11
39.392 0.062724 -1.15395e-11
39.509 0.0629103 -1.16644e-11
39.626 0.0630967 -1.17799e-11
39.743 0.063283 -1.19108e-11
39.86 0.0634693 -1.20594e-11
39.977 0.0636555 -1.21986e-11
40.0939 0.0638416 -1.23694e-11
40.2107 0.0640276 -1.25013e-11
40.3274 0.0642135 -1.2623e-11
40.4454 0.0644014 -1.27409e-11
40.562 0.064587 -1.28561e-11
40.6785 0.0647726 -1.29922e-11
40.7951 0.0649582 -1.31258e-11
40.9115 0.0651435 -1.32546e-11
41.0277 0.0653286 -1.33931e-11
41.144 0.0655138 -1.35445e-11
41.2601 0.0656986 -1.36892e-11
41.3762 0.0658835 -1.3855e-11
41.4922 0.0660682 -1.40421e-11
41.6094 0.0662548 -1.41784e-11
41.7251 0.0664391 -1.43114e-11
41.8407 0.0666232 -1.4435e-11
41.9563 0.0668072 -1.45636e-11
42.072 0.0669914 -1.4689e-11
42.1874 0.0671751 -1.48046e-11
42.3027 0.0673588 -1.4929e-11
42.418 0.0675424 -1.50611e-11
42.5332 0.0677259 -1.51885e-11
42.6485 0.0679095 -1.53374e-11
42.7638 0.0680929 -1.5493e-11
42.8789 0.0682763 -1.56315e-11
42.9941 0.0684596 -1.57781e-11
43.1095 0.0686434 -1.58948e-11
43.2269 0.0688305 -1.60242e-11
43.3421 0.0690138 -1.61433e-11
43.4571 0.069197 -1.62604e-11
43.5721 0.06938 -1.63604e-11
43.687 0.069563 -1.64752e-11
43.8019 0.069746 -1.66075e-11
43.917 0.0699292 -1.67514e-11
44.0318 0.0701121 -1.69109e-11
44.1467 0.070295 -1.7099e-11
44.2616 0.0704779 -1.72322e-11
44.3764 0.0706607 -1.73392e-11
44.4911 0.0708434 -1.74504e-11
44.6059 0.0710261 -1.75668e-11
44.7207 0.0712089 -1.76895e-11
44.8354 0.0713916 -1.78265e-11
44.9501 0.0715742 -1.79423e-11
45.0648 0.0717569 -1.80682e-11
45.1795 0.0719395 -1.82234e-11
45.2942 0.0721221 -1.8375e-11
45.4089 0.0723047 -1.85437e-11
45.5236 0.0724874 -1.8692e-11
45.6382 0.0726699 -1.8803e-11
45.7528 0.0728524 -1.89223e-11
45.8674 0.0730348 -1.90415e-11
45.9819 0.0732172 -1.91923e-11
46.0965 0.0733996 -1.93188e-11
46.211 0.073582 -1.9474e-11
46.3256 0.0737644 -1.9641e-11
46.4401 0.0739467 -1.97987e-11
46.5546 0.0741291 -1.9963e-11
46.6691 0.0743114 -2.01147e-11
46.7835 0.0744936 -2.02525e-11
46.898 0.0746758 -2.03964e-11
47.0124 0.074858 -2.05229e-11
47.1268 0.0750401 -2.06393e-11
47.2413 0.0752224 -2.07465e-11
47.3557 0.0754047 -2.08704e-11
47.47 0.0755867 -2.10116e-11
47.5843 0.0757687 -2.11528e-11
47.6986 0.0759508 -2.12988e-11
47.8129 0.0761327 -2.14951e-11
47.9272 0.0763147 -2.16588e-11
48.0414 0.0764966 -2.18083e-11
48.1557 0.0766785 -2.19226e-11
48.2699 0.0768603 -2.20271e-11
48.384 0.077042 -2.21473e-11
48.4982 0.0772238 -2.22744e-11
48.6125 0.0774058 -2.23938e-11
48.7265 0.0775875 -2.25322e-11
48.8412 0.0777701 -2.26679e-11
48.9554 0.077952 -2.28152e-11
49.0695 0.0781336 -2.29845e-11
49.1835 0.0783151 -2.31403e-11
49.2976 0.0784967 -2.32759e-11
49.4116 0.0786783 -2.34361e-11
49.5256 0.0788597 -2.35777e-11
49.6395 0.0790412 -2.37044e-11
49.7534 0.0792226 -2.3816e-11
49.8681 0.0794052 -2.39402e-11
49.9821 0.0795868 -2.40602e-11
50.096 0.0797681 -2.42072e-11
50.2099 0.0799494 -2.44111e-11
50.3238 0.0801309 -2.46068e-11
50.4378 0.0803123 -2.47732e-11
50.5517 0.0804936 -2.48797e-11
50.6655 0.0806749 -2.49827e-11
50.7793 0.0808561 -2.50927e-11
50.8931 0.0810373 -2.5224e-11
51.0069 0.0812184 -2.53664e-11
51.1207 0.0813997 -2.54965e-11
51.2349 0.0815815 -2.56271e-11
51.3486 0.0817626 -2.57664e-11
51.4623 0.0819436 -2.59296e-11
51.5762 0.082125 -2.60863e-11
51.6899 0.0823061 -2.62231e-11
51.8036 0.0824871 -2.63278e-11
51.9173 0.0826682 -2.64452e-11
52.0311 0.0828493 -2.65484e-11
52.1449 0.0830305 -2.66569e-11
52.2586 0.0832115 -2.67561e-11
52.3723 0.0833926 -2.68765e-11
52.4859 0.0835735 -2.70099e-11
52.5995 0.0837544 -2.7157e-11
52.7132 0.0839354 -2.72927e-11
52.8269 0.0841165 -2.74238e-11
52.9405 0.0842974 -2.75306e-11
53.0542 0.0844785 -2.7639e-11
53.1679 0.0846594 -2.77555e-11
53.2816 0.0848404 -2.78668e-11
53.3954 0.0850217 -2.79856e-11
53.5091 0.0852027 -2.81177e-11
53.6227 0.0853837 -2.82711e-11
53.7364 0.0855646 -2.84124e-11
53.85 0.0857456 -2.85727e-11
53.9643 0.0859275 -2.87181e-11
54.078 0.0861086 -2.88318e-11
54.1917 0.0862897 -2.89463e-11
54.3054 0.0864707 -2.90717e-11
54.419 0.0866517 -2.91836e-11
54.5328 0.0868328 -2.92924e-11
54.6465 0.0870138 -2.93996e-11
54.7602 0.087195 -2.95257e-11
54.8739 0.087376 -2.96574e-11
54.9876 0.087557 -2.98225e-11
55.1012 0.0877379 -2.99779e-11
55.2149 0.0879189 -3.01128e-11
55.3285 0.0880998 -3.02305e-11
55.4422 0.0882808 -3.03484e-11
55.5558 0.0884618 -3.04778e-11
55.6695 0.0886427 -3.06024e-11
55.7832 0.0888238 -3.07478e-11
55.8968 0.0890048 -3.08841e-11
56.0105 0.0891858 -3.1031e-11
56.1242 0.0893668 -3.11885e-11
56.2379 0.0895478 -3.13056e-11
56.3516 0.0897288 -3.14262e-11
56.4698 0.0899172 -3.15615e-11
56.5835 0.0900981 -3.17012e-11
56.6971 0.090279 -3.18514e-11
56.8107 0.0904599 -3.19934e-11
56.9258 0.0906432 -3.21478e-11
57.0394 0.0908241 -3.22806e-11
57.153 0.091005 -3.24322e-11
57.2667 0.091186 -3.25782e-11
57.3803 0.0913669 -3.26991e-11
57.4939 0.0915477 -3.28673e-11
57.6074 0.0917285 -3.30148e-11
57.721 0.0919094 -3.31503e-11
57.8345 0.0920902 -3.32795e-11
57.9481 0.092271 -3.33907e-11
58.0616 0.0924517 -3.35163e-11
58.1751 0.0926324 -3.36585e-11
58.2885 0.0928131 -3.3798e-11
58.402 0.0929937 -3.39491e-11
58.5154 0.0931744 -3.41043e-11
58.6289 0.093355 -3.42583e-11
58.7424 0.0935357 -3.44085e-11
58.8558 0.0937163 -3.45742e-11
58.9692 0.0938968 -3.46975e-11
59.0825 0.0940773 -3.48152e-11
59.1957 0.0942576 -3.49194e-11
59.309 0.0944379 -3.50292e-11
59.4222 0.0946182 -3.51374e-11
59.5354 0.0947985 -3.52691e-11
59.6486 0.0949787 -3.54044e-11
59.7618 0.0951589 -3.55636e-11
59.8749 0.095339 -3.57208e-11
59.988 0.0955191 -3.58544e-11
60.1011 0.0956993 -3.59756e-11
60.2141 0.0958792 -3.61051e-11
60.3292 0.0960624 -3.62458e-11
60.4421 0.0962422 -3.63767e-11
60.555 0.096422 -3.65212e-11
60.6679 0.0966018 -3.66429e-11
60.7808 0.0967815 -3.67591e-11
60.8937 0.0969613 -3.68825e-11
61.0065 0.0971409 -3.70041e-11
61.1193 0.0973205 -3.71262e-11
61.232 0.0975 -3.72905e-11
61.3447 0.0976795 -3.74457e-11
61.4575 0.097859 -3.75835e-11
61.5701 0.0980383 -3.77125e-11
61.6828 0.0982178 -3.78512e-11
61.7954 0.0983971 -3.80139e-11
61.908 0.0985764 -3.81593e-11
62.0208 0.098756 -3.83093e-11
62.1333 0.0989352 -3.84454e-11
62.2459 0.0991144 -3.85795e-11
62.3585 0.0992937 -3.87188e-11
62.4712 0.0994731 -3.88593e-11
62.5836 0.0996522 -3.9002e-11
62.6961 0.0998312 -3.91414e-11
62.8085 0.10001 -3.92738e-11
62.9209 0.100189 -3.94058e-11
63.0334 0.100368 -3.95362e-11
63.1458 0.100547 -3.96642e-11
63.2581 0.100726 -3.98043e-11
63.3705 0.100905 -3.99484e-11
63.4828 0.101084 -4.00921e-11
63.5951 0.101263 -4.02253e-11
63.7074 0.101442 -4.03501e-11
63.8197 0.10162 -4.04968e-11
63.9319 0.101799 -4.06304e-11
64.0442 0.101978 -4.07552e-11
64.1564 0.102157 -4.0892e-11
64.2689 0.102336 -4.10399e-11
64.3813 0.102515 -4.11693e-11
64.4935 0.102693 -4.12941e-11
64.6058 0.102872 -4.14103e-11
64.718 0.103051 -4.15454e-11
64.8304 0.10323 -4.16713e-11
64.9427 0.103409 -4.18131e-11
65.0549 0.103587 -4.19372e-11
65.1671 0.103766 -4.20383e-11
65.2793 0.103945 -4.21508e-11
65.3918 0.104124 -4.22783e-11
65.504 0.104302 -4.24224e-11
65.6163 0.104481 -4.25573e-11
65.7285 0.10466 -4.26779e-11
65.8408 0.104839 -4.27797e-11
65.9531 0.105017 -4.29122e-11
66.0653 0.105196 -4.30238e-11
66.1775 0.105375 -4.31396e-11
66.2911 0.105556 -4.32703e-11
66.4035 0.105735 -4.34083e-11
66.5158 0.105913 -4.35627e-11
66.628 0.106092 -4.37062e-11
66.7403 0.106271 -4.3834e-11
66.8526 0.10645 -4.3968e-11
66.9649 0.106629 -4.41081e-11
67.0772 0.106807 -4.42279e-11
67.1895 0.106986 -4.43628e-11
67.3018 0.107165 -4.44899e-11
67.4141 0.107344 -4.46147e-11
67.5265 0.107523 -4.47391e-11
67.6391 0.107702 -4.48543e-11
67.7515 0.107881 -4.49732e-11
67.8641 0.10806 -4.51232e-11
67.9765 0.108239 -4.52449e-11
68.0889 0.108418 -4.54099e-11
68.2014 0.108597 -4.55463e-11
68.3141 0.108777 -4.56837e-11
68.4267 0.108956 -4.58163e-11
68.5394 0.109136 -4.59501e-11
68.652 0.109315 -4.60518e-11
68.7645 0.109494 -4.61649e-11
68.8773 0.109674 -4.62763e-11
68.9898 0.109853 -4.64128e-11
69.1024 0.110032 -4.65526e-11
69.2152 0.110212 -4.66849e-11
69.328 0.110391 -4.68232e-11
69.4407 0.110571 -4.69671e-11
69.5535 0.11075 -4.7117e-11
69.6661 0.11093 -4.7262e-11
69.7787 0.111109 -4.74101e-11
69.8914 0.111288 -4.75666e-11
70.0041 0.111468 -4.77249e-11
70.1169 0.111647 -4.78623e-11
70.2296 0.111827 -4.8001e-11
70.3426 0.112007 -4.81178e-11
70.4553 0.112186 -4.82448e-11
70.5682 0.112366 -4.83868e-11
70.6816 0.112547 -4.85208e-11
70.7944 0.112726 -4.86471e-11
70.9072 0.112906 -4.88023e-11
71.0202 0.113086 -4.89531e-11
71.1333 0.113266 -4.91144e-11
71.2461 0.113445 -4.92833e-11
71.3728 0.113647 -4.94553e-11
71.4857 0.113827 -4.96183e-11
71.5987 0.114007 -4.97811e-11
71.7116 0.114187 -4.9937e-11
71.8246 0.114367 -5.00861e-11
71.9378 0.114547 -5.02237e-11
72.0507 0.114727 -5.03659e-11
72.1637 0.114907 -5.05025e-11
72.2767 0.115087 -5.06367e-11
72.3925 0.115271 -5.07746e-11
72.5055 0.115451 -5.09161e-11
72.6184 0.115631 -5.10502e-11
72.7314 0.115811 -5.11777e-11
72.8444 0.11599 -5.13258e-11
72.9575 0.116171 -5.14626e-11
73.0705 0.116351 -5.16115e-11
73.197 0.116552 -5.17563e-11
73.3109 0.116733 -5.19029e-11
73.4239 0.116913 -5.20707e-11
73.537 0.117093 -5.22014e-11
73.6501 0.117273 -5.23388e-11
73.7767 0.117475 -5.24846e-11
73.8897 0.117655 -5.26409e-11
74.0028 0.117835 -5.27984e-11
74.1159 0.118015 -5.29878e-11
74.2294 0.118196 -5.31581e-11
74.3424 0.118376 -5.32993e-11
74.4555 0.118556 -5.34629e-11
74.569 0.118736 -5.36184e-11
74.682 0.118917 -5.37856e-11
74.7951 0.119097 -5.3954e-11
74.9082 0.119277 -5.41061e-11
75.0213 0.119457 -5.42678e-11
75.1344 0.119637 -5.44008e-11
75.2474 0.119817 -5.45546e-11
75.3604 0.119997 -5.47276e-11
75.4736 0.120177 -5.48722e-11
75.5868 0.120357 -5.50236e-11
75.7032 0.120543 -5.51881e-11
75.8164 0.120723 -5.53458e-11
75.9296 0.120903 -5.54979e-11
76.0471 0.12109 -5.5681e-11
76.1602 0.12127 -5.58339e-11
76.2733 0.12145 -5.60106e-11
76.3866 0.121631 -5.61914e-11
76.4996 0.121811 -5.63506e-11
76.6126 0.121991 -5.65585e-11
76.726 0.122171 -5.67496e-11
76.8391 0.122351 -5.6935e-11
76.9522 0.122531 -5.71129e-11
77.0653 0.122711 -5.73088e-11
77.1784 0.122892 -5.74815e-11
77.2919 0.123072 -5.76619e-11
77.405 0.123252 -5.78332e-11
77.518 0.123432 -5.80059e-11
77.6311 0.123612 -5.81961e-11
77.7442 0.123792 -5.8386e-11
77.8573 0.123973 -5.858e-11
77.9704 0.124153 -5.87887e-11
78.0835 0.124333 -5.89735e-11
78.1967 0.124513 -5.9169e-11
78.3101 0.124693 -5.93553e-11
78.4234 0.124874 -5.95347e-11
78.5365 0.125054 -5.97266e-11
78.6633 0.125256 -5.98936e-11
78.7764 0.125436 -6.00658e-11
78.8896 0.125616 -6.02217e-11
79.0027 0.125796 -6.03498e-11
79.1294 0.125998 -6.04942e-11
79.2426 0.126178 -6.06488e-11
79.3559 0.126359 -6.07847e-11
79.4693 0.126539 -6.09441e-11
79.5825 0.12672 -6.10886e-11
79.6959 0.1269 -6.12504e-11
79.8091 0.12708 -6.14243e-11
79.9223 0.127261 -6.16013e-11
80.0356 0.127441 -6.17888e-11
80.1488 0.127621 -6.19434e-11
80.262 0.127802 -6.20863e-11
80.3753 0.127982 -6.22617e-11
80.4885 0.128162 -6.24341e-11
80.6018 0.128343 -6.25988e-11
80.7158 0.128524 -6.27599e-11
80.8291 0.128704 -6.28855e-11
80.9424 0.128885 -6.30491e-11
81.0561 0.129066 -6.32201e-11
81.1694 0.129246 -6.33799e-11
81.2827 0.129427 -6.35595e-11
81.3961 0.129607 -6.37319e-11
81.5095 0.129788 -6.39069e-11
81.623 0.129969 -6.40696e-11
81.7364 0.130149 -6.42358e-11
81.8497 0.13033 -6.43818e-11
81.9631 0.13051 -6.45509e-11
82.0766 0.130691 -6.46908e-11
82.19 0.130871 -6.48389e-11
82.3034 0.131052 -6.50019e-11
82.4171 0.131233 -6.51525e-11
82.5306 0.131414 -6.5315e-11
82.6441 0.131595 -6.55005e-11
82.7575 0.131775 -6.56641e-11
82.8719 0.131957 -6.58403e-11
82.9854 0.132138 -6.60121e-11
83.099 0.132319 -6.61717e-11
83.2126 0.1325 -6.63402e-11
83.3266 0.132681 -6.64994e-11
83.4401 0.132862 -6.6667e-11
83.5539 0.133043 -6.68161e-11
83.6684 0.133226 -6.69611e-11
83.7824 0.133407 -6.70909e-11
83.896 0.133588 -6.72319e-11
84.0096 0.133769 -6.73676e-11
84.1233 0.13395 -6.75189e-11
84.2369 0.134131 -6.77003e-11
84.3508 0.134312 -6.78797e-11
84.4644 0.134493 -6.80615e-11
84.5781 0.134674 -6.82484e-11
84.6919 0.134855 -6.84077e-11
84.8056 0.135036 -6.85727e-11
84.9194 0.135217 -6.87382e-11
85.0332 0.135399 -6.89115e-11
85.147 0.13558 -6.90766e-11
85.2608 0.135761 -6.92236e-11
85.3746 0.135942 -6.93835e-11
85.4884 0.136124 -6.95469e-11
85.6023 0.136305 -6.96826e-11
85.7161 0.136486 -6.98209e-11
85.83 0.136667 -6.9962e-11
85.9439 0.136849 -7.01118e-11
86.0578 0.13703 -7.02868e-11
86.1718 0.137212 -7.04565e-11
86.2857 0.137393 -7.06056e-11
86.3997 0.137575 -7.07753e-11
86.5137 0.137756 -7.0953e-11
86.6277 0.137938 -7.11195e-11
86.7417 0.138119 -7.13006e-11
86.8567 0.138302 -7.14686e-11
86.9707 0.138484 -7.16366e-11
87.0867 0.138668 -7.17975e-11
87.2008 0.13885 -7.19615e-11
87.32 0.13904 -7.2143e-11
87.434 0.139222 -7.23223e-11
87.5482 0.139403 -7.24772e-11
87.6686 0.139595 -7.26055e-11
87.7828 0.139777 -7.27463e-11
87.897 0.139959 -7.28864e-11
88.0111 0.14014 -7.30549e-11
88.1253 0.140322 -7.32197e-11
88.2394 0.140504 -7.33823e-11
88.3536 0.140686 -7.35633e-11
88.4678 0.140868 -7.3729e-11
88.5821 0.14105 -7.3925e-11
88.6963 0.141232 -7.41096e-11
88.8106 0.141413 -7.42889e-11
88.9248 0.141595 -7.4429e-11
89.0392 0.141777 -7.45761e-11
89.1535 0.141959 -7.47143e-11
89.2678 0.142141 -7.4854e-11
89.3821 0.142323 -7.50137e-11
89.4964 0.142505 -7.51553e-11
89.6109 0.142688 -7.53162e-11
89.7252 0.14287 -7.54911e-11
90.0121 0.143327 -7.5636e-11
90.127 0.14351 -7.57185e-11
90.2416 0.143692 -7.58177e-11
90.356 0.143874 -7.59287e-11
90.4705 0.144056 -7.60686e-11
90.5852 0.144239 -7.62049e-11
90.6996 0.144421 -7.63436e-11
90.8146 0.144605 -7.64793e-11
90.9292 0.144787 -7.66163e-11
91.0438 0.144969 -7.67577e-11
91.1583 0.145152 -7.69137e-11
91.2827 0.14535 -7.70881e-11
91.3972 0.145532 -7.72429e-11
91.5117 0.145715 -7.74023e-11
91.6263 0.145897 -7.75714e-11
91.7409 0.146079 -7.77411e-11
91.8555 0.146262 -7.7907e-11
91.9701 0.146444 -7.80771e-11
92.0847 0.146627 -7.82533e-11
92.1995 0.14681 -7.84188e-11
92.314 0.146992 -7.85692e-11
92.4286 0.147174 -7.87247e-11
92.5432 0.147357 -7.88889e-11
92.658 0.14754 -7.90492e-11
92.7846 0.147741 -7.92159e-11
92.9069 0.147936 -7.93733e-11
93.025 0.148124 -7.95488e-11
93.1396 0.148307 -7.97186e-11
93.2543 0.148489 -7.98834e-11
93.369 0.148672 -8.00275e-11
93.4837 0.148855 -8.02075e-11
93.5984 0.149037 -8.04022e-11
93.7131 0.14922 -8.05637e-11
93.8278 0.149402 -8.07263e-11
93.9425 0.149585 -8.0901e-11
94.0571 0.149768 -8.10835e-11
94.1719 0.14995 -8.12702e-11
94.2865 0.150133 -8.14288e-11
94.4012 0.150315 -8.16088e-11
94.5159 0.150498 -8.17812e-11
94.6306 0.150681 -8.19591e-11
94.7453 0.150863 -8.20963e-11
94.86 0.151046 -8.22381e-11
94.9748 0.151229 -8.23927e-11
95.0895 0.151411 -8.25529e-11
95.2042 0.151594 -8.2718e-11
95.319 0.151777 -8.28594e-11
95.4338 0.15196 -8.30293e-11
95.5485 0.152142 -8.31955e-11
95.6632 0.152325 -8.33979e-11
95.7779 0.152508 -8.35697e-11
95.8927 0.15269 -8.37337e-11
96.0074 0.152873 -8.39206e-11
96.1224 0.153056 -8.4114e-11
96.2372 0.153239 -8.43152e-11
96.352 0.153422 -8.45143e-11
96.4668 0.153604 -8.4684e-11
96.5815 0.153787 -8.48306e-11
96.6962 0.15397 -8.49858e-11
96.8109 0.154152 -8.5123e-11
96.9365 0.154352 -8.52719e-11
97.0512 0.154535 -8.54093e-11
97.166 0.154718 -8.55637e-11
97.2808 0.154901 -8.57213e-11
97.3969 0.155086 -8.58866e-11
97.5117 0.155268 -8.60791e-11
97.6267 0.155451 -8.624e-11
97.7415 0.155634 -8.64055e-11
97.8562 0.155817 -8.65868e-11
97.971 0.156 -8.67907e-11
98.0857 0.156182 -8.70015e-11
98.2004 0.156365 -8.71762e-11
98.3152 0.156548 -8.73484e-11
98.43 0.156731 -8.75114e-11
98.5448 0.156913 -8.76656e-11
98.6596 0.157096 -8.78045e-11
98.7782 0.157285 -8.79513e-11
98.8929 0.157468 -8.80973e-11
99.0077 0.15765 -8.82414e-11
99.1225 0.157833 -8.84034e-11
99.2405 0.158021 -8.85972e-11
99.3552 0.158204 -8.87921e-11
99.47 0.158387 -8.89595e-11
99.5847 0.158569 -8.91264e-11
99.6995 0.158752 -8.92926e-11
99.8143 0.158935 -8.94809e-11
99.9291 0.159118 -8.96947e-11
100.044 0.1593 -8.99013e-11
100.159 0.159483 -9.00788e-11
100.274 0.159667 -9.02401e-11
100.389 0.15985 -9.03922e-11
100.504 0.160033 -9.05313e-11
100.619 0.160216 -9.06571e-11
100.734 0.160399 -9.07941e-11
100.849 0.160582 -9.09271e-11
100.964 0.160765 -9.10706e-11
101.078 0.160948 -9.12279e-11
101.193 0.16113 -9.14072e-11
101.308 0.161313 -9.15656e-11
101.423 0.161496 -9.17282e-11
101.538 0.161679 -9.18887e-11
101.66 0.161874 -9.2068e-11
101.775 0.162056 -9.22746e-11
101.89 0.162239 -9.24628e-11
102.004 0.162422 -9.26285e-11
102.119 0.162605 -9.27867e-11
102.237 0.162793 -9.29516e-11
102.352 0.162976 -9.31156e-11
102.467 0.163159 -9.32509e-11
102.582 0.163342 -9.34072e-11
102.697 0.163525 -9.35651e-11
102.812 0.163708 -9.37338e-11
102.927 0.163891 -9.39148e-11
103.042 0.164074 -9.40644e-11
103.156 0.164256 -9.42032e-11
103.271 0.164439 -9.43673e-11
103.386 0.164622 -9.45284e-11
103.501 0.164805 -9.46945e-11
103.615 0.164988 -9.48711e-11
103.73 0.16517 -9.50593e-11
103.845 0.165353 -9.52087e-11
103.96 0.165536 -9.53761e-11
104.075 0.165719 -9.55132e-11
104.19 0.165902 -9.56607e-11
104.304 0.166085 -9.57859e-11
104.419 0.166267 -9.59273e-11
104.534 0.16645 -9.60645e-11
104.649 0.166633 -9.62059e-11
104.763 0.166816 -9.6358e-11
104.878 0.166998 -9.65526e-11
104.999 0.16719 -9.67089e-11
105.117 0.167378 -9.687e-11
105.231 0.167561 -9.70158e-11
105.346 0.167744 -9.7195e-11
105.461 0.167926 -9.73963e-11
105.576 0.168109 -9.75912e-11
105.691 0.168293 -9.77718e-11
105.806 0.168475 -9.79149e-11
105.921 0.168658 -9.80772e-11
106.04 0.168849 -9.82046e-11
106.155 0.169032 -9.83604e-11
106.274 0.169221 -9.84886e-11
106.389 0.169404 -9.86302e-11
106.506 0.16959 -9.87711e-11
106.621 0.169773 -9.8919e-11
106.736 0.169956 -9.90875e-11
106.85 0.170139 -9.92469e-11
106.965 0.170322 -9.94101e-11
107.081 0.170506 -9.95813e-11
107.195 0.170688 -9.97482e-11
107.31 0.170871 -9.99081e-11
107.426 0.171055 -1.00106e-10
107.541 0.171238 -1.00309e-10
107.655 0.171421 -1.00483e-10
107.77 0.171604 -1.00649e-10
107.885 0.171787 -1.00796e-10
108 0.17197 -1.00913e-10
108.115 0.172153 -1.0103e-10
108.23 0.172336 -1.01164e-10
108.345 0.172519 -1.01301e-10
108.459 0.172702 -1.0144e-10
108.574 0.172885 -1.01606e-10
108.689 0.173068 -1.01761e-10
108.804 0.173251 -1.01928e-10
108.919 0.173434 -1.02099e-10
109.034 0.173617 -1.02269e-10
109.149 0.1738 -1.0245e-10
109.264 0.173983 -1.02643e-10
109.379 0.174166 -1.02834e-10
109.494 0.174349 -1.03034e-10
109.609 0.174533 -1.03203e-10
109.724 0.174716 -1.03371e-10
109.85 0.174918 -1.03523e-10
109.965 0.175101 -1.03666e-10
110.08 0.175284 -1.03798e-10
110.195 0.175467 -1.03941e-10
110.31 0.17565 -1.04063e-10
110.425 0.175834 -1.04202e-10
110.54 0.176017 -1.04361e-10
110.655 0.1762 -1.04524e-10
110.77 0.176383 -1.04722e-10
110.885 0.176567 -1.04895e-10
111 0.17675 -1.05081e-10
111.115 0.176933 -1.05274e-10
111.23 0.177117 -1.05482e-10
111.345 0.1773 -1.05663e-10
111.46 0.177483 -1.05881e-10
111.575 0.177667 -1.06067e-10
111.69 0.17785 -1.06226e-10
111.805 0.178033 -1.06388e-10
111.92 0.178216 -1.0653e-10
112.035 0.1784 -1.06692e-10
112.15 0.178583 -1.0683e-10
112.265 0.178766 -1.06977e-10
112.38 0.17895 -1.07127e-10
112.495 0.179133 -1.07297e-10
112.61 0.179316 -1.07471e-10
112.725 0.1795 -1.07651e-10
112.84 0.179684 -1.0783e-10
112.962 0.179877 -1.08054e-10
113.077 0.180061 -1.0826e-10
113.192 0.180244 -1.08465e-10
113.307 0.180428 -1.08648e-10
113.422 0.180611 -1.08859e-10
113.537 0.180795 -1.09032e-10
113.652 0.180978 -1.09202e-10
113.768 0.181162 -1.09373e-10
113.883 0.181346 -1.09547e-10
113.998 0.18153 -1.09712e-10
114.113 0.181713 -1.09866e-10
114.228 0.181897 -1.10038e-10
114.343 0.18208 -1.10206e-10
114.459 0.182264 -1.10409e-10
114.574 0.182448 -1.10605e-10
114.689 0.182632 -1.10784e-10
114.804 0.182815 -1.10991e-10
114.92 0.182999 -1.11184e-10
115.035 0.183183 -1.11384e-10
115.15 0.183366 -1.11605e-10
115.265 0.18355 -1.11817e-10
115.38 0.183734 -1.12029e-10
115.506 0.183935 -1.12201e-10
115.621 0.184119 -1.12403e-10
115.741 0.18431 -1.12577e-10
115.857 0.184494 -1.12756e-10
115.972 0.184678 -1.12938e-10
116.087 0.184861 -1.13082e-10
116.202 0.185045 -1.13247e-10
116.318 0.185229 -1.1341e-10
116.433 0.185413 -1.13607e-10
116.548 0.185597 -1.13786e-10
116.664 0.185781 -1.13999e-10
116.779 0.185964 -1.14192e-10
116.894 0.186148 -1.14386e-10
117.013 0.186338 -1.1457e-10
117.129 0.186522 -1.14738e-10
117.244 0.186706 -1.14926e-10
117.359 0.18689 -1.15113e-10
117.475 0.187075 -1.15291e-10
117.59 0.187259 -1.15477e-10
117.706 0.187443 -1.15663e-10
117.821 0.187627 -1.15834e-10
117.936 0.187811 -1.15965e-10
118.052 0.187995 -1.16115e-10
118.167 0.188179 -1.16287e-10
118.283 0.188364 -1.16446e-10
118.398 0.188548 -1.16634e-10
118.514 0.188732 -1.1681e-10
118.629 0.188916 -1.17008e-10
118.745 0.1891 -1.172e-10
118.86 0.189285 -1.17384e-10
118.976 0.189469 -1.17573e-10
119.091 0.189653 -1.17761e-10
119.207 0.189838 -1.17956e-10
119.323 0.190022 -1.18142e-10
119.438 0.190206 -1.18309e-10
119.554 0.190391 -1.18478e-10
119.669 0.190575 -1.18667e-10
119.785 0.190759 -1.18807e-10
119.901 0.190944 -1.18949e-10
120.016 0.191128 -1.19116e-10
120.132 0.191312 -1.19291e-10
120.247 0.191497 -1.19466e-10
120.363 0.191681 -1.19659e-10
120.479 0.191866 -1.19838e-10
120.594 0.19205 -1.20048e-10
120.72 0.192252 -1.20214e-10
120.836 0.192436 -1.20391e-10
120.959 0.192632 -1.20562e-10
121.074 0.192816 -1.20735e-10
121.2 0.193017 -1.20903e-10
121.317 0.193203 -1.21059e-10
121.433 0.193387 -1.21236e-10
121.548 0.193572 -1.21406e-10
121.665 0.193758 -1.21573e-10
121.78 0.193942 -1.21732e-10
121.896 0.194127 -1.21898e-10
122.012 0.194312 -1.22092e-10
122.128 0.194497 -1.22261e-10
122.254 0.194698 -1.2245e-10
122.37 0.194883 -1.2264e-10
122.486 0.195068 -1.22816e-10
122.602 0.195253 -1.22998e-10
122.718 0.195438 -1.23187e-10
122.84 0.195633 -1.23369e-10
122.957 0.195819 -1.23553e-10
123.073 0.196004 -1.23714e-10
123.189 0.196189 -1.23877e-10
123.305 0.196374 -1.24076e-10
123.421 0.196559 -1.24238e-10
123.537 0.196744 -1.24396e-10
123.653 0.196929 -1.24578e-10
123.769 0.197115 -1.24728e-10
123.886 0.1973 -1.24906e-10
124.002 0.197485 -1.25076e-10
124.118 0.197671 -1.25284e-10
124.235 0.197856 -1.25475e-10
124.351 0.198042 -1.25656e-10
124.477 0.198242 -1.2583e-10
124.593 0.198428 -1.25992e-10
124.719 0.198628 -1.26165e-10
124.835 0.198814 -1.2634e-10
124.951 0.198999 -1.26508e-10
125.068 0.199185 -1.26663e-10
125.184 0.199371 -1.2684e-10
125.301 0.199556 -1.27032e-10
125.417 0.199742 -1.27198e-10
125.534 0.199928 -1.27386e-10
125.651 0.200114 -1.27568e-10
125.767 0.2003 -1.27755e-10
125.884 0.200486 -1.27926e-10
126.001 0.200672 -1.28105e-10
126.117 0.200858 -1.28273e-10
126.234 0.201044 -1.2846e-10
126.351 0.20123 -1.28631e-10
126.467 0.201416 -1.28818e-10
126.584 0.201602 -1.29006e-10
126.701 0.201788 -1.29208e-10
126.817 0.201974 -1.29371e-10
126.934 0.202161 -1.29539e-10
127.051 0.202347 -1.29702e-10
127.168 0.202534 -1.29897e-10
127.285 0.20272 -1.3006e-10
127.402 0.202907 -1.30266e-10
127.52 0.203094 -1.30422e-10
127.637 0.203281 -1.30587e-10
127.754 0.203467 -1.30751e-10
127.871 0.203654 -1.30921e-10
127.988 0.20384 -1.3109e-10
128.105 0.204027 -1.31248e-10
128.222 0.204214 -1.31436e-10
128.348 0.204414 -1.31602e-10
128.47 0.204609 -1.31776e-10
128.588 0.204796 -1.31967e-10
128.705 0.204983 -1.3218e-10
128.822 0.20517 -1.32354e-10
128.94 0.205358 -1.32546e-10
129.057 0.205545 -1.32712e-10
129.175 0.205733 -1.32892e-10
129.293 0.20592 -1.33056e-10
129.41 0.206107 -1.3322e-10
129.528 0.206295 -1.33383e-10
129.645 0.206482 -1.33575e-10
129.763 0.206669 -1.33742e-10
129.881 0.206857 -1.339e-10
129.998 0.207045 -1.3408e-10
130.116 0.207232 -1.3425e-10
130.234 0.207421 -1.3443e-10
130.352 0.207609 -1.34623e-10
130.47 0.207797 -1.34807e-10
130.588 0.207985 -1.35001e-10
130.706 0.208173 -1.35165e-10
130.824 0.208361 -1.35328e-10
130.942 0.208549 -1.35498e-10
131.06 0.208737 -1.35675e-10
131.179 0.208926 -1.3585e-10
131.297 0.209114 -1.36011e-10
131.415 0.209303 -1.36177e-10
131.533 0.209491 -1.36333e-10
131.652 0.20968 -1.36496e-10
131.77 0.209869 -1.36659e-10
131.889 0.210057 -1.36813e-10
132.007 0.210246 -1.37001e-10
132.126 0.210436 -1.37219e-10
132.245 0.210625 -1.37394e-10
132.363 0.210814 -1.37572e-10
132.482 0.211003 -1.37744e-10
132.601 0.211193 -1.37933e-10
132.72 0.211382 -1.38107e-10
132.839 0.211571 -1.38283e-10
132.957 0.211761 -1.38466e-10
133.076 0.21195 -1.38653e-10
133.195 0.21214 -1.38813e-10
133.314 0.212329 -1.38978e-10
133.436 0.212524 -1.39153e-10
133.556 0.212714 -1.39315e-10
133.675 0.212904 -1.3947e-10
133.794 0.213094 -1.39638e-10
133.914 0.213285 -1.39796e-10
134.033 0.213475 -1.39987e-10
134.153 0.213665 -1.40164e-10
134.272 0.213856 -1.40348e-10
134.391 0.214046 -1.40524e-10
134.511 0.214236 -1.40717e-10
134.63 0.214427 -1.409e-10
134.75 0.214618 -1.41069e-10
134.87 0.214809 -1.41246e-10
134.99 0.215 -1.41421e-10
135.11 0.215191 -1.41581e-10
135.23 0.215382 -1.41757e-10
135.35 0.215573 -1.41936e-10
135.47 0.215764 -1.42132e-10
135.59 0.215956 -1.42289e-10
135.71 0.216147 -1.42459e-10
135.83 0.216339 -1.42622e-10
135.95 0.216531 -1.42812e-10
136.071 0.216722 -1.42981e-10
136.197 0.216923 -1.43187e-10
136.318 0.217116 -1.43372e-10
136.438 0.217308 -1.43567e-10
136.559 0.2175 -1.43758e-10
136.679 0.217692 -1.4393e-10
136.8 0.217885 -1.44114e-10
136.921 0.218077 -1.44301e-10
137.042 0.21827 -1.44472e-10
137.163 0.218463 -1.44656e-10
137.284 0.218655 -1.44817e-10
137.405 0.218848 -1.44978e-10
137.526 0.219041 -1.45136e-10
137.647 0.219235 -1.45309e-10
137.768 0.219428 -1.45483e-10
137.89 0.219621 -1.45674e-10
138.011 0.219814 -1.45847e-10
138.133 0.220008 -1.46046e-10
138.254 0.220202 -1.4624e-10
138.376 0.220395 -1.46456e-10
138.497 0.220589 -1.46644e-10
138.619 0.220783 -1.46826e-10
138.741 0.220977 -1.47031e-10
138.863 0.221171 -1.47213e-10
138.985 0.221366 -1.47374e-10
139.106 0.22156 -1.47569e-10
139.228 0.221754 -1.47741e-10
139.35 0.221948 -1.47906e-10
139.473 0.222143 -1.48068e-10
139.595 0.222338 -1.4826e-10
139.717 0.222532 -1.48444e-10
139.839 0.222727 -1.48612e-10
139.961 0.222922 -1.48793e-10
140.083 0.223117 -1.48996e-10
140.206 0.223311 -1.49209e-10
140.328 0.223506 -1.49411e-10
140.45 0.223701 -1.49603e-10
140.572 0.223896 -1.4979e-10
140.695 0.22409 -1.49998e-10
140.817 0.224285 -1.50178e-10
140.939 0.22448 -1.50357e-10
141.061 0.224674 -1.50549e-10
141.184 0.22487 -1.50726e-10
141.306 0.225064 -1.50926e-10
141.428 0.225259 -1.51087e-10
141.551 0.225454 -1.51274e-10
141.673 0.225648 -1.51467e-10
141.795 0.225842 -1.51661e-10
141.917 0.226037 -1.51846e-10
142.039 0.226231 -1.52037e-10
142.161 0.226425 -1.52266e-10
142.284 0.22662 -1.52462e-10
142.406 0.226814 -1.52663e-10
142.528 0.227008 -1.52852e-10
142.65 0.227202 -1.53061e-10
142.772 0.227395 -1.53243e-10
142.895 0.227589 -1.53416e-10
143.017 0.227782 -1.53609e-10
143.139 0.227975 -1.53808e-10
143.261 0.228167 -1.53978e-10
143.383 0.228359 -1.54147e-10
143.505 0.228551 -1.5434e-10
143.627 0.228741 -1.54548e-10
143.75 0.228931 -1.5474e-10
143.872 0.229119 -1.54925e-10
143.994 0.229306 -1.55123e-10
144.116 0.229491 -1.55342e-10
144.243 0.229683 -1.55565e-10
144.365 0.229863 -1.55766e-10
144.488 0.230041 -1.55953e-10
144.61 0.230215 -1.56161e-10
144.732 0.230385 -1.56334e-10
144.854 0.230549 -1.56513e-10
144.976 0.230708 -1.5669e-10
145.098 0.230861 -1.56895e-10
145.226 0.231014 -1.5707e-10
145.348 0.231153 -1.57242e-10
145.47 0.231284 -1.57429e-10
145.592 0.231408 -1.57635e-10
145.714 0.231525 -1.5784e-10
145.836 0.231633 -1.5802e-10
145.958 0.231733 -1.58207e-10
146.086 0.231829 -1.58441e-10
146.208 0.231911 -1.58634e-10
146.33 0.231985 -1.58837e-10
146.452 0.23205 -1.59028e-10
146.574 0.232107 -1.59232e-10
146.697 0.232157 -1.59443e-10
146.819 0.232199 -1.59611e-10
146.94 0.232234 -1.59824e-10
147.062 0.232263 -1.60013e-10
147.184 0.232286 -1.60185e-10
147.306 0.232305 -1.60365e-10
147.428 0.232318 -1.60565e-10
147.55 0.232328 -1.6075e-10
147.672 0.232334 -1.60946e-10
147.794 0.232337 -1.61141e-10
147.916 0.232338 -1.61333e-10
148.038 0.232336 -1.61539e-10
148.16 0.232332 -1.61739e-10
148.282 0.232326 -1.61935e-10
148.404 0.232319 -1.62133e-10
148.526 0.232311 -1.6232e-10
148.648 0.232301 -1.62519e-10
148.77 0.232291 -1.62712e-10
148.892 0.23228 -1.6288e-10
149.014 0.232268 -1.63046e-10
149.136 0.232256 -1.63223e-10
149.258 0.232244 -1.63402e-10
149.38 0.232231 -1.63585e-10
149.502 0.232218 -1.63802e-10
149.624 0.232205 -1.64003e-10
149.745 0.232191 -1.6419e-10
149.867 0.232178 -1.64387e-10
149.989 0.232165 -1.64597e-10
150.111 0.232152 -1.64814e-10
150.233 0.232139 -1.65017e-10
150.355 0.232126 -1.65222e-10
150.477 0.232114 -1.65409e-10
150.599 0.232102 -1.6562e-10
150.721 0.23209 -1.658e-10
150.843 0.232079 -1.65979e-10
150.965 0.232068 -1.66144e-10
151.086 0.232057 -1.66326e-10
151.208 0.232047 -1.66504e-10
151.33 0.232038 -1.66678e-10
151.452 0.232029 -1.66877e-10
151.579 0.23202 -1.6709e-10
151.701 0.232012 -1.67281e-10
151.823 0.232004 -1.67453e-10
151.945 0.231997 -1.67654e-10
152.067 0.23199 -1.6789e-10
152.189 0.231984 -1.68098e-10
152.31 0.231978 -1.68319e-10
152.432 0.231973 -1.68526e-10
152.554 0.231968 -1.68725e-10
152.676 0.231964 -1.68907e-10
152.798 0.23196 -1.691e-10
152.919 0.231957 -1.69284e-10
153.041 0.231954 -1.69467e-10
153.163 0.231951 -1.69624e-10
153.285 0.231949 -1.69794e-10
153.407 0.231947 -1.70005e-10
153.528 0.231946 -1.70212e-10
153.65 0.231945 -1.70417e-10
153.772 0.231945 -1.70615e-10
153.894 0.231945 -1.70801e-10
154.015 0.231945 -1.71009e-10
154.137 0.231945 -1.71239e-10
154.259 0.231946 -1.71454e-10
154.381 0.231948 -1.71652e-10
154.502 0.231949 -1.71878e-10
154.624 0.231951 -1.72089e-10
154.746 0.231954 -1.72286e-10
154.868 0.231956 -1.72467e-10
154.989 0.231959 -1.72666e-10
155.111 0.231963 -1.72832e-10
155.233 0.231966 -1.72999e-10
155.355 0.23197 -1.73191e-10
155.476 0.231975 -1.73404e-10
155.598 0.231979 -1.73614e-10
155.72 0.231984 -1.73793e-10
155.842 0.231989 -1.73968e-10
155.963 0.231995 -1.74157e-10
156.094 0.232001 -1.74375e-10
156.216 0.232007 -1.74574e-10
156.338 0.232014 -1.74773e-10
156.459 0.232021 -1.74978e-10
156.581 0.232028 -1.75188e-10
156.703 0.232035 -1.75361e-10
156.824 0.232042 -1.75535e-10
156.946 0.23205 -1.75722e-10
157.068 0.232058 -1.75895e-10
157.189 0.232067 -1.76038e-10
157.311 0.232075 -1.76197e-10
157.433 0.232084 -1.76377e-10
157.554 0.232093 -1.76571e-10
157.676 0.232102 -1.76784e-10
157.798 0.232112 -1.76975e-10
157.919 0.232121 -1.7716e-10
158.041 0.232131 -1.77346e-10
158.163 0.232141 -1.77562e-10
158.284 0.232151 -1.77753e-10
158.406 0.232162 -1.77945e-10
158.527 0.232172 -1.78132e-10
158.649 0.232183 -1.78333e-10
158.77 0.232194 -1.78494e-10
158.892 0.232205 -1.78658e-10
159.014 0.232216 -1.78818e-10
159.135 0.232228 -1.78966e-10
159.257 0.232239 -1.79138e-10
159.378 0.232251 -1.79298e-10
159.5 0.232262 -1.79475e-10
159.622 0.232274 -1.79691e-10
159.743 0.232286 -1.79898e-10
159.865 0.232298 -1.8006e-10
159.987 0.23231 -1.80219e-10
160.108 0.232322 -1.80436e-10
160.23 0.232335 -1.80638e-10
160.351 0.232347 -1.80839e-10
160.473 0.23236 -1.81025e-10
160.594 0.232372 -1.8121e-10
160.716 0.232385 -1.81381e-10
160.837 0.232398 -1.81544e-10
160.959 0.232411 -1.81727e-10
161.081 0.232424 -1.81883e-10
161.202 0.232437 -1.82047e-10
161.324 0.232451 -1.8221e-10
161.445 0.232464 -1.8238e-10
161.567 0.232478 -1.82555e-10
161.689 0.232492 -1.82731e-10
161.81 0.232506 -1.82913e-10
161.932 0.23252 -1.83077e-10
162.053 0.232534 -1.83247e-10
162.175 0.232548 -1.83439e-10
162.306 0.232563 -1.83615e-10
162.428 0.232578 -1.83799e-10
162.549 0.232592 -1.83969e-10
162.671 0.232607 -1.84134e-10
162.793 0.232622 -1.84309e-10
162.914 0.232637 -1.8447e-10
163.036 0.232652 -1.84637e-10
163.157 0.232667 -1.848e-10
163.279 0.232682 -1.84956e-10
163.4 0.232697 -1.85138e-10
163.521 0.232713 -1.85315e-10
163.643 0.232729 -1.85484e-10
163.764 0.232744 -1.85655e-10
163.886 0.23276 -1.85837e-10
164.007 0.232776 -1.86021e-10
164.129 0.232792 -1.86206e-10
164.25 0.232809 -1.86398e-10
164.372 0.232825 -1.86574e-10
164.493 0.232842 -1.86755e-10
164.615 0.232858 -1.86918e-10
164.736 0.232875 -1.87079e-10
164.858 0.232892 -1.87267e-10
164.979 0.232909 -1.87419e-10
165.101 0.232927 -1.87559e-10
165.222 0.232944 -1.87711e-10
165.344 0.232961 -1.87871e-10
165.465 0.232979 -1.88028e-10
165.587 0.232997 -1.88215e-10
165.708 0.233015 -1.88369e-10
165.83 0.233033 -1.88526e-10
165.951 0.233051 -1.88724e-10
166.072 0.233069 -1.88902e-10
166.194 0.233088 -1.89099e-10
166.315 0.233106 -1.89303e-10
166.437 0.233125 -1.89486e-10
166.558 0.233144 -1.89671e-10
166.68 0.233163 -1.89853e-10
166.801 0.233182 -1.90025e-10
166.923 0.233202 -1.90219e-10
167.044 0.233221 -1.90353e-10
167.166 0.233241 -1.90505e-10
167.287 0.23326 -1.90656e-10
167.409 0.23328 -1.90817e-10
167.53 0.2333 -1.90975e-10
167.651 0.23332 -1.91147e-10
167.773 0.23334 -1.913e-10
167.894 0.233361 -1.91456e-10
168.016 0.233381 -1.91642e-10
168.137 0.233402 -1.91835e-10
168.259 0.233422 -1.92032e-10
168.38 0.233443 -1.92207e-10
168.501 0.233464 -1.92365e-10
168.623 0.233485 -1.92555e-10
168.744 0.233506 -1.92725e-10
168.866 0.233528 -1.92889e-10
168.987 0.233549 -1.93061e-10
169.108 0.233571 -1.93217e-10
169.23 0.233592 -1.93347e-10
169.351 0.233614 -1.93514e-10
169.472 0.233636 -1.93685e-10
169.594 0.233657 -1.93859e-10
169.715 0.233679 -1.94052e-10
169.837 0.233701 -1.94216e-10
169.958 0.233724 -1.94403e-10
170.079 0.233746 -1.94589e-10
170.201 0.233768 -1.94794e-10
170.322 0.23379 -1.94984e-10
170.443 0.233813 -1.95154e-10
170.565 0.233835 -1.95316e-10
170.686 0.233858 -1.9548e-10
170.808 0.23388 -1.95654e-10
170.929 0.233903 -1.95819e-10
171.05 0.233925 -1.95981e-10
171.172 0.233948 -1.96127e-10
171.293 0.23397 -1.96266e-10
171.414 0.233993 -1.96445e-10
171.536 0.234016 -1.9661e-10
171.657 0.234038 -1.9677e-10
171.778 0.234061 -1.96926e-10
171.9 0.234083 -1.9709e-10
172.021 0.234106 -1.97263e-10
172.142 0.234129 -1.97459e-10
172.264 0.234151 -1.97672e-10
172.385 0.234174 -1.97875e-10
172.506 0.234196 -1.98041e-10
172.627 0.234218 -1.98241e-10
172.749 0.234241 -1.98425e-10
172.871 0.234263 -1.98593e-10
172.992 0.234286 -1.98747e-10
173.113 0.234308 -1.98912e-10
173.234 0.23433 -1.99061e-10
173.356 0.234352 -1.99201e-10
173.477 0.234374 -1.99364e-10
173.598 0.234396 -1.99526e-10
173.72 0.234417 -1.99702e-10
173.841 0.234439 -1.9986e-10
173.962 0.23446 -2.00032e-10
174.083 0.234482 -2.00222e-10
174.205 0.234503 -2.00431e-10
174.326 0.234524 -2.00641e-10
174.447 0.234545 -2.00835e-10
174.579 0.234567 -2.00971e-10
174.7 0.234588 -2.01113e-10
174.821 0.234608 -2.01269e-10
174.943 0.234629 -2.01423e-10
175.064 0.234649 -2.01579e-10
175.195 0.234671 -2.0173e-10
175.321 0.234692 -2.01887e-10
175.442 0.234712 -2.02058e-10
175.563 0.234731 -2.02227e-10
175.685 0.234751 -2.0244e-10
175.806 0.234771 -2.02621e-10
175.927 0.23479 -2.02801e-10
176.048 0.23481 -2.0301e-10
176.17 0.234829 -2.03195e-10
176.291 0.234849 -2.03397e-10
176.412 0.234868 -2.03588e-10
176.533 0.234887 -2.03775e-10
176.654 0.234906 -2.03908e-10
176.776 0.234926 -2.04062e-10
176.897 0.234945 -2.04238e-10
177.018 0.234964 -2.04408e-10
177.139 0.234983 -2.0456e-10
177.26 0.235002 -2.04711e-10
177.382 0.235021 -2.04888e-10
177.503 0.23504 -2.05037e-10
177.624 0.235059 -2.05206e-10
177.745 0.235078 -2.05375e-10
177.866 0.235097 -2.05542e-10
177.987 0.235116 -2.05709e-10
178.108 0.235136 -2.05913e-10
178.23 0.235155 -2.06123e-10
178.351 0.235174 -2.06326e-10
178.472 0.235193 -2.06547e-10
178.593 0.235212 -2.06709e-10
178.714 0.235231 -2.06873e-10
178.835 0.235251 -2.07061e-10
178.956 0.23527 -2.07226e-10
179.077 0.235289 -2.07388e-10
179.199 0.235309 -2.07564e-10
179.32 0.235328 -2.07722e-10
179.441 0.235348 -2.07892e-10
179.562 0.235367 -2.08042e-10
179.683 0.235387 -2.08222e-10
179.804 0.235407 -2.08389e-10
179.925 0.235427 -2.08557e-10
180.047 0.235446 -2.0874e-10
180.168 0.235466 -2.08938e-10
180.289 0.235486 -2.09127e-10
180.41 0.235507 -2.09335e-10
180.531 0.235527 -2.09518e-10
180.652 0.235547 -2.09675e-10
180.773 0.235568 -2.09837e-10
180.894 0.235588 -2.09974e-10
181.015 0.235609 -2.10123e-10
181.136 0.23563 -2.10285e-10
181.257 0.235651 -2.10445e-10
181.378 0.235672 -2.10632e-10
181.5 0.235693 -2.10811e-10
181.621 0.235714 -2.10989e-10
181.742 0.235735 -2.11172e-10
181.863 0.235757 -2.11354e-10
181.984 0.235778 -2.11572e-10
182.105 0.2358 -2.11757e-10
182.226 0.235822 -2.11964e-10
182.347 0.235844 -2.12158e-10
182.468 0.235866 -2.12353e-10
182.589 0.235888 -2.1252e-10
182.71 0.23591 -2.1269e-10
182.831 0.235932 -2.12864e-10
182.953 0.235954 -2.12998e-10
183.074 0.235977 -2.13145e-10
183.195 0.235999 -2.13313e-10
183.316 0.236022 -2.13487e-10
183.437 0.236045 -2.13644e-10
183.558 0.236068 -2.13815e-10
183.689 0.236093 -2.13969e-10
183.81 0.236116 -2.14124e-10
183.931 0.236139 -2.14306e-10
184.052 0.236162 -2.14491e-10
184.173 0.236185 -2.14684e-10
184.294 0.236209 -2.14886e-10
184.415 0.236232 -2.15107e-10
184.536 0.236256 -2.15292e-10
184.657 0.236279 -2.15478e-10
184.778 0.236303 -2.15663e-10
184.899 0.236327 -2.15835e-10
185.02 0.236351 -2.16004e-10
185.141 0.236375 -2.16187e-10
185.262 0.236399 -2.16351e-10
185.383 0.236423 -2.16541e-10
185.514 0.236449 -2.16711e-10
185.635 0.236473 -2.16859e-10
185.756 0.236497 -2.17015e-10
185.877 0.236521 -2.17171e-10
185.998 0.236546 -2.17346e-10
186.119 0.23657 -2.17526e-10
186.24 0.236595 -2.17729e-10
186.361 0.236619 -2.17921e-10
186.482 0.236644 -2.18112e-10
186.603 0.236668 -2.18265e-10
186.724 0.236693 -2.18437e-10
186.845 0.236718 -2.18601e-10
186.966 0.236742 -2.18757e-10
187.086 0.236767 -2.18938e-10
187.207 0.236792 -2.19123e-10
187.328 0.236817 -2.19298e-10
187.449 0.236842 -2.19472e-10
187.57 0.236867 -2.19652e-10
187.691 0.236892 -2.19819e-10
187.812 0.236917 -2.1996e-10
187.933 0.236942 -2.2017e-10
188.054 0.236967 -2.20368e-10
188.175 0.236992 -2.20562e-10
188.296 0.237017 -2.20739e-10
188.416 0.237043 -2.2093e-10
188.548 0.23707 -2.21094e-10
188.669 0.237095 -2.21261e-10
188.79 0.237121 -2.21428e-10
188.911 0.237146 -2.21582e-10
189.032 0.237171 -2.21739e-10
189.152 0.237197 -2.21908e-10
189.273 0.237222 -2.22098e-10
189.394 0.237248 -2.22281e-10
189.515 0.237274 -2.22455e-10
189.636 0.237299 -2.22636e-10
189.757 0.237325 -2.22782e-10
189.878 0.237351 -2.22961e-10
189.998 0.237376 -2.23137e-10
190.119 0.237402 -2.23329e-10
190.24 0.237428 -2.23522e-10
190.361 0.237454 -2.23706e-10
190.482 0.23748 -2.23883e-10
190.603 0.237506 -2.24068e-10
190.724 0.237532 -2.24267e-10
190.844 0.237558 -2.24421e-10
190.965 0.237585 -2.24587e-10
191.086 0.237611 -2.24758e-10
191.207 0.237637 -2.24947e-10
191.328 0.237664 -2.2514e-10
191.449 0.23769 -2.2534e-10
191.569 0.237716 -2.25518e-10
191.69 0.237743 -2.2571e-10
191.811 0.23777 -2.25866e-10
191.932 0.237796 -2.26021e-10
192.053 0.237823 -2.26189e-10
192.174 0.23785 -2.26372e-10
192.294 0.237876 -2.26547e-10
192.415 0.237903 -2.26722e-10
192.536 0.23793 -2.26889e-10
192.657 0.237957 -2.27042e-10
192.778 0.237984 -2.27235e-10
192.898 0.238011 -2.27405e-10
193.019 0.238038 -2.27566e-10
193.14 0.238065 -2.27741e-10
193.271 0.238095 -2.27924e-10
193.392 0.238122 -2.2812e-10
193.523 0.238152 -2.28298e-10
193.644 0.238179 -2.28495e-10
193.764 0.238207 -2.28658e-10
193.885 0.238234 -2.28823e-10
194.006 0.238261 -2.29032e-10
194.127 0.238289 -2.2921e-10
194.247 0.238316 -2.29407e-10
194.368 0.238344 -2.29592e-10
194.489 0.238372 -2.29768e-10
194.609 0.238399 -2.29927e-10
194.73 0.238427 -2.30078e-10
194.851 0.238454 -2.3025e-10
194.972 0.238482 -2.30403e-10
195.092 0.23851 -2.30556e-10
195.213 0.238538 -2.30732e-10
195.334 0.238565 -2.3092e-10
195.454 0.238593 -2.31094e-10
195.575 0.238621 -2.31295e-10
195.696 0.238649 -2.31489e-10
195.816 0.238677 -2.31667e-10
195.937 0.238704 -2.3186e-10
196.058 0.238732 -2.32081e-10
196.18 0.238761 -2.32282e-10
196.301 0.238788 -2.32451e-10
196.422 0.238816 -2.32625e-10
196.542 0.238844 -2.32787e-10
196.663 0.238872 -2.3296e-10
196.784 0.2389 -2.33128e-10
196.904 0.238928 -2.3327e-10
197.025 0.238956 -2.33438e-10
197.145 0.238984 -2.33617e-10
197.266 0.239011 -2.33784e-10
197.387 0.239039 -2.33971e-10
197.507 0.239067 -2.34161e-10
197.628 0.239095 -2.34342e-10
197.748 0.239123 -2.3452e-10
197.869 0.239151 -2.34695e-10
197.989 0.239179 -2.3487e-10
198.11 0.239207 -2.35075e-10
198.231 0.239234 -2.35267e-10
198.351 0.239262 -2.35472e-10
198.472 0.23929 -2.35671e-10
198.592 0.239318 -2.35835e-10
198.713 0.239346 -2.36e-10
198.834 0.239373 -2.36142e-10
198.954 0.239401 -2.36289e-10
199.075 0.239429 -2.36449e-10
199.195 0.239457 -2.3663e-10
199.316 0.239484 -2.36801e-10
199.436 0.239512 -2.36974e-10
199.558 0.23954 -2.37153e-10
199.678 0.239568 -2.37327e-10
199.799 0.239595 -2.37519e-10
199.919 0.239623 -2.37703e-10
200.04 0.23965 -2.37905e-10
200.16 0.239678 -2.38121e-10
200.281 0.239705 -2.38306e-10
200.401 0.239733 -2.38496e-10
200.522 0.23976 -2.38694e-10
200.642 0.239787 -2.38853e-10
200.763 0.239815 -2.39027e-10
200.883 0.239842 -2.39173e-10
201.004 0.239869 -2.39322e-10
201.124 0.239897 -2.39482e-10
201.245 0.239924 -2.39657e-10
201.365 0.239951 -2.39835e-10
201.486 0.239978 -2.40015e-10
201.606 0.240006 -2.40199e-10
201.727 0.240033 -2.40362e-10
201.847 0.24006 -2.40533e-10
201.968 0.240087 -2.40727e-10
202.088 0.240114 -2.40946e-10
202.208 0.240141 -2.41138e-10
202.329 0.240168 -2.41326e-10
202.46 0.240198 -2.41502e-10
202.58 0.240225 -2.4167e-10
202.7 0.240252 -2.41843e-10
202.821 0.240278 -2.4203e-10
202.941 0.240305 -2.42168e-10
203.062 0.240332 -2.42332e-10
203.182 0.240359 -2.42503e-10
203.302 0.240386 -2.42684e-10
203.433 0.240415 -2.42856e-10
203.554 0.240442 -2.43052e-10
203.674 0.240469 -2.43244e-10
203.794 0.240496 -2.43431e-10
203.915 0.240523 -2.43625e-10
204.046 0.240552 -2.4382e-10
204.166 0.240579 -2.44011e-10
204.297 0.240608 -2.44194e-10
204.418 0.240635 -2.44391e-10
204.538 0.240662 -2.44566e-10
204.658 0.240688 -2.44743e-10
204.779 0.240715 -2.44912e-10
204.899 0.240742 -2.45045e-10
205.019 0.240769 -2.45201e-10
205.14 0.240796 -2.45377e-10
205.26 0.240822 -2.45551e-10
205.38 0.240849 -2.45709e-10
205.501 0.240876 -2.45893e-10
205.621 0.240903 -2.46085e-10
205.741 0.240929 -2.46252e-10
205.862 0.240956 -2.46454e-10
205.982 0.240983 -2.46638e-10
206.102 0.24101 -2.46836e-10
206.222 0.241037 -2.4703e-10
206.343 0.241063 -2.47217e-10
206.463 0.24109 -2.47429e-10
206.583 0.241117 -2.47607e-10
206.703 0.241144 -2.47804e-10
206.823 0.241171 -2.47992e-10
206.944 0.241197 -2.48145e-10
207.064 0.241224 -2.48298e-10
207.184 0.241251 -2.48464e-10
207.304 0.241278 -2.48634e-10
207.424 0.241305 -2.48809e-10
207.544 0.241331 -2.48988e-10
207.664 0.241358 -2.49178e-10
207.784 0.241385 -2.49348e-10
207.905 0.241412 -2.49555e-10
208.025 0.241439 -2.49762e-10
208.156 0.241468 -2.49955e-10
208.276 0.241495 -2.50141e-10
208.396 0.241522 -2.50329e-10
208.516 0.241548 -2.5048e-10
208.636 0.241575 -2.50635e-10
208.756 0.241602 -2.50803e-10
208.876 0.241629 -2.50966e-10
208.996 0.241656 -2.51132e-10
209.116 0.241683 -2.51295e-10
209.236 0.241709 -2.51466e-10
209.356 0.241736 -2.51661e-10
209.476 0.241763 -2.51842e-10
209.596 0.24179 -2.52044e-10
209.716 0.241816 -2.52223e-10
209.836 0.241843 -2.52407e-10
209.955 0.24187 -2.52622e-10
210.075 0.241897 -2.52818e-10
210.195 0.241923 -2.53013e-10
210.315 0.24195 -2.53215e-10
210.435 0.241977 -2.53412e-10
210.554 0.242003 -2.53581e-10
210.674 0.24203 -2.53734e-10
210.794 0.242057 -2.53896e-10
210.913 0.242083 -2.54039e-10
211.033 0.24211 -2.54201e-10
211.153 0.242136 -2.54367e-10
211.272 0.242163 -2.54536e-10
211.392 0.242189 -2.54715e-10
211.512 0.242216 -2.54882e-10
211.631 0.242242 -2.55037e-10
211.751 0.242269 -2.5521e-10
211.87 0.242295 -2.55419e-10
211.99 0.242321 -2.55667e-10
212.109 0.242348 -2.55854e-10
212.229 0.242374 -2.56049e-10
212.348 0.2424 -2.56267e-10
212.468 0.242426 -2.56471e-10
212.587 0.242453 -2.56687e-10
212.706 0.242479 -2.56859e-10
212.826 0.242505 -2.5701e-10
212.945 0.242531 -2.57157e-10
213.065 0.242557 -2.57307e-10
213.184 0.242583 -2.57463e-10
213.304 0.242609 -2.57627e-10
213.424 0.242635 -2.57791e-10
213.543 0.24266 -2.57947e-10
213.662 0.242686 -2.58113e-10
213.782 0.242712 -2.58286e-10
213.901 0.242737 -2.58477e-10
214.02 0.242763 -2.58661e-10
214.14 0.242788 -2.58849e-10
214.259 0.242814 -2.59057e-10
214.378 0.242839 -2.59259e-10
214.498 0.242864 -2.59478e-10
214.617 0.242889 -2.59704e-10
214.737 0.242914 -2.59879e-10
214.856 0.242939 -2.60071e-10
214.975 0.242964 -2.60247e-10
215.094 0.242989 -2.60405e-10
215.213 0.243013 -2.60567e-10
215.332 0.243038 -2.60725e-10
215.451 0.243062 -2.60896e-10
215.582 0.243089 -2.61051e-10
215.701 0.243113 -2.61228e-10
215.82 0.243137 -2.6141e-10
215.939 0.24316 -2.61586e-10
216.058 0.243184 -2.61761e-10
216.177 0.243208 -2.61922e-10
216.296 0.243231 -2.62097e-10
216.415 0.243254 -2.62278e-10
216.533 0.243277 -2.62479e-10
216.652 0.2433 -2.62673e-10
216.771 0.243323 -2.62852e-10
216.89 0.243345 -2.63028e-10
217.008 0.243368 -2.63215e-10
217.127 0.24339 -2.63388e-10
217.246 0.243412 -2.63569e-10
217.365 0.243434 -2.63729e-10
217.485 0.243456 -2.63895e-10
217.604 0.243477 -2.64049e-10
217.722 0.243499 -2.64236e-10
217.841 0.24352 -2.64431e-10
217.959 0.243541 -2.64602e-10
218.078 0.243562 -2.64799e-10
218.197 0.243582 -2.64955e-10
218.316 0.243603 -2.65139e-10
218.434 0.243623 -2.6532e-10
218.553 0.243643 -2.65533e-10
218.672 0.243663 -2.65715e-10
218.79 0.243683 -2.659e-10
218.909 0.243702 -2.66081e-10
219.029 0.243722 -2.66253e-10
219.148 0.243741 -2.66441e-10
219.266 0.24376 -2.66609e-10
219.386 0.243779 -2.66794e-10
219.504 0.243798 -2.66947e-10
219.623 0.243816 -2.6709e-10
219.741 0.243834 -2.67277e-10
219.86 0.243852 -2.67438e-10
219.978 0.24387 -2.67605e-10
220.096 0.243888 -2.67783e-10
220.214 0.243906 -2.67959e-10
220.333 0.243923 -2.68139e-10
220.451 0.24394 -2.68331e-10
220.57 0.243957 -2.68524e-10
220.688 0.243974 -2.68691e-10
220.806 0.243991 -2.68878e-10
220.925 0.244007 -2.69058e-10
221.043 0.244024 -2.69248e-10
221.161 0.24404 -2.6943e-10
221.279 0.244056 -2.69603e-10
221.397 0.244072 -2.69778e-10
221.515 0.244088 -2.69964e-10
221.633 0.244103 -2.70128e-10
221.751 0.244119 -2.70314e-10
221.869 0.244134 -2.70483e-10
221.987 0.244149 -2.70646e-10
222.105 0.244164 -2.70816e-10
222.223 0.244179 -2.71003e-10
222.341 0.244194 -2.71165e-10
222.458 0.244208 -2.7135e-10
222.576 0.244223 -2.71527e-10
222.694 0.244237 -2.71702e-10
222.812 0.244251 -2.71888e-10
222.93 0.244265 -2.72072e-10
223.048 0.244279 -2.72277e-10
223.166 0.244293 -2.72464e-10
223.284 0.244307 -2.7264e-10
223.403 0.24432 -2.72805e-10
223.52 0.244334 -2.72965e-10
223.638 0.244347 -2.73149e-10
223.756 0.24436 -2.73313e-10
223.874 0.244373 -2.7347e-10
223.992 0.244386 -2.73638e-10
224.11 0.244399 -2.7383e-10
224.228 0.244412 -2.74027e-10
224.345 0.244425 -2.74193e-10
224.463 0.244437 -2.74364e-10
224.58 0.244449 -2.74535e-10
224.698 0.244462 -2.74703e-10
224.828 0.244475 -2.74898e-10
224.946 0.244487 -2.7508e-10
225.063 0.244499 -2.75279e-10
225.181 0.244511 -2.75477e-10
225.298 0.244522 -2.75645e-10
225.416 0.244534 -2.75816e-10
225.533 0.244545 -2.76016e-10
225.651 0.244556 -2.76193e-10
225.768 0.244568 -2.76343e-10
225.885 0.244579 -2.76501e-10
226.003 0.244589 -2.76643e-10
226.12 0.2446 -2.76828e-10
226.237 0.244611 -2.77004e-10
226.355 0.244621 -2.77194e-10
226.472 0.244632 -2.7734e-10
226.589 0.244642 -2.7749e-10
226.706 0.244652 -2.77675e-10
226.824 0.244662 -2.77856e-10
226.941 0.244672 -2.78026e-10
227.059 0.244682 -2.78218e-10
227.176 0.244692 -2.78422e-10
227.294 0.244701 -2.78598e-10
227.412 0.244711 -2.78758e-10
227.53 0.24472 -2.78952e-10
227.648 0.244729 -2.79152e-10
227.765 0.244738 -2.79349e-10
227.883 0.244748 -2.7951e-10
228 0.244756 -2.7969e-10
228.117 0.244765 -2.79885e-10
228.238 0.244774 -2.8005e-10
228.357 0.244783 -2.8024e-10
228.474 0.244791 -2.80406e-10
228.591 0.2448 -2.80561e-10
228.708 0.244808 -2.80725e-10
228.826 0.244816 -2.80895e-10
228.943 0.244824 -2.8106e-10
229.06 0.244832 -2.81213e-10
229.177 0.24484 -2.81387e-10
229.293 0.244847 -2.81597e-10
229.41 0.244855 -2.81773e-10
229.528 0.244863 -2.81949e-10
229.646 0.24487 -2.82127e-10
229.762 0.244878 -2.82291e-10
229.879 0.244885 -2.82445e-10
229.996 0.244892 -2.82609e-10
230.113 0.244899 -2.82825e-10
230.23 0.244906 -2.83015e-10
230.347 0.244913 -2.83218e-10
230.467 0.24492 -2.83385e-10
230.589 0.244927 -2.83571e-10
230.706 0.244934 -2.83763e-10
230.822 0.24494 -2.83974e-10
230.94 0.244947 -2.84132e-10
231.056 0.244953 -2.84299e-10
231.173 0.24496 -2.84479e-10
231.29 0.244966 -2.8466e-10
231.406 0.244972 -2.84822e-10
231.523 0.244978 -2.84996e-10
231.654 0.244985 -2.85155e-10
231.77 0.244991 -2.8531e-10
231.887 0.244997 -2.8547e-10
232.003 0.245003 -2.85635e-10
232.12 0.245008 -2.85785e-10
232.237 0.245014 -2.85963e-10
232.353 0.24502 -2.86145e-10
232.47 0.245025 -2.86309e-10
232.588 0.245031 -2.865e-10
232.705 0.245036 -2.86701e-10
232.821 0.245042 -2.86871e-10
232.937 0.245047 -2.87044e-10
233.055 0.245052 -2.87272e-10
233.171 0.245057 -2.87446e-10
233.288 0.245062 -2.87626e-10
233.404 0.245067 -2.87796e-10
233.521 0.245072 -2.87999e-10
233.638 0.245077 -2.88173e-10
233.754 0.245082 -2.88339e-10
233.871 0.245087 -2.88499e-10
233.987 0.245092 -2.8868e-10
234.118 0.245097 -2.88844e-10
234.234 0.245101 -2.89011e-10
234.352 0.245106 -2.89177e-10
234.468 0.245111 -2.89351e-10
234.584 0.245115 -2.89545e-10
234.7 0.245119 -2.89727e-10
234.817 0.245124 -2.899e-10
234.933 0.245128 -2.90072e-10
235.049 0.245132 -2.90248e-10
235.165 0.245136 -2.90427e-10
235.281 0.24514 -2.90614e-10
235.397 0.245144 -2.90794e-10
235.513 0.245148 -2.90968e-10
235.629 0.245152 -2.91127e-10
235.746 0.245156 -2.91281e-10
235.863 0.24516 -2.91434e-10
235.979 0.245164 -2.91584e-10
236.095 0.245167 -2.9178e-10
236.211 0.245171 -2.91971e-10
236.327 0.245175 -2.92129e-10
236.443 0.245178 -2.92294e-10
236.559 0.245182 -2.92487e-10
236.689 0.245186 -2.92698e-10
236.807 0.245189 -2.92904e-10
236.923 0.245192 -2.93082e-10
237.038 0.245195 -2.93267e-10
237.169 0.245199 -2.93437e-10
237.285 0.245202 -2.93617e-10
237.402 0.245205 -2.93794e-10
237.522 0.245208 -2.9397e-10
237.638 0.245211 -2.9413e-10
237.754 0.245214 -2.94272e-10
237.87 0.245217 -2.94437e-10
237.987 0.24522 -2.94577e-10
238.102 0.245223 -2.94726e-10
238.219 0.245225 -2.94887e-10
238.335 0.245228 -2.9505e-10
238.458 0.245231 -2.95235e-10
238.575 0.245233 -2.95397e-10
238.691 0.245236 -2.95577e-10
238.807 0.245238 -2.9577e-10
238.923 0.24524 -2.95952e-10
239.038 0.245243 -2.96182e-10
239.154 0.245245 -2.96387e-10
239.27 0.245247 -2.96558e-10
239.387 0.245249 -2.96757e-10
239.503 0.245251 -2.96958e-10
239.62 0.245253 -2.97143e-10
239.735 0.245255 -2.97318e-10
239.852 0.245257 -2.97475e-10
239.968 0.245259 -2.97654e-10
240.083 0.245261 -2.97802e-10
240.2 0.245262 -2.9794e-10
240.316 0.245264 -2.98094e-10
240.432 0.245266 -2.98238e-10
240.554 0.245267 -2.98395e-10
240.67 0.245269 -2.98549e-10
240.785 0.24527 -2.98724e-10
240.901 0.245271 -2.98918e-10
241.016 0.245273 -2.991e-10
241.133 0.245274 -2.99288e-10
241.249 0.245275 -2.99474e-10
241.365 0.245276 -2.99664e-10
241.481 0.245277 -2.99836e-10
241.597 0.245278 -3.00003e-10
241.712 0.245279 -3.00169e-10
241.828 0.245279 -3.00354e-10
241.944 0.24528 -3.00544e-10
242.061 0.245281 -3.00747e-10
242.176 0.245281 -3.00938e-10
242.292 0.245282 -3.01121e-10
242.407 0.245282 -3.01311e-10
242.523 0.245283 -3.01455e-10
242.639 0.245283 -3.01634e-10
242.755 0.245283 -3.01796e-10
242.87 0.245283 -3.01987e-10
242.986 0.245283 -3.02176e-10
243.102 0.245283 -3.0234e-10
243.218 0.245283 -3.02506e-10
243.334 0.245282 -3.0267e-10
243.455 0.245282 -3.02839e-10
243.57 0.245282 -3.02997e-10
243.686 0.245281 -3.03156e-10
243.801 0.24528 -3.03334e-10
243.917 0.24528 -3.0349e-10
244.033 0.245279 -3.03658e-10
244.15 0.245278 -3.0386e-10
244.266 0.245277 -3.04043e-10
244.382 0.245275 -3.04205e-10
244.498 0.245274 -3.04376e-10
244.614 0.245273 -3.04555e-10
244.729 0.245271 -3.04744e-10
244.846 0.24527 -3.04961e-10
244.961 0.245268 -3.05164e-10
245.077 0.245266 -3.05357e-10
245.192 0.245264 -3.05516e-10
245.308 0.245262 -3.05687e-10
245.424 0.24526 -3.05861e-10
245.543 0.245257 -3.06032e-10
245.659 0.245255 -3.06207e-10
245.775 0.245252 -3.06391e-10
245.891 0.24525 -3.0655e-10
246.006 0.245247 -3.06719e-10
246.122 0.245244 -3.06882e-10
246.238 0.245241 -3.07055e-10
246.353 0.245238 -3.07209e-10
246.47 0.245235 -3.07371e-10
246.586 0.245232 -3.07537e-10
246.701 0.245228 -3.07723e-10
246.817 0.245225 -3.07921e-10
246.932 0.245221 -3.08114e-10
247.049 0.245217 -3.08325e-10
247.165 0.245214 -3.08524e-10
247.28 0.24521 -3.08696e-10
247.396 0.245206 -3.08872e-10
247.511 0.245202 -3.09043e-10
247.627 0.245197 -3.09201e-10
247.743 0.245193 -3.09386e-10
247.86 0.245189 -3.09557e-10
247.976 0.245184 -3.09738e-10
248.091 0.24518 -3.09918e-10
248.207 0.245175 -3.10103e-10
248.323 0.24517 -3.10274e-10
248.438 0.245165 -3.10438e-10
248.554 0.245161 -3.10611e-10
248.669 0.245156 -3.10817e-10
248.785 0.245151 -3.11014e-10
248.9 0.245146 -3.11225e-10
249.016 0.24514 -3.1143e-10
249.137 0.245135 -3.11598e-10
249.252 0.24513 -3.11784e-10
249.368 0.245124 -3.11947e-10
249.484 0.245119 -3.12093e-10
249.601 0.245113 -3.12242e-10
249.717 0.245107 -3.12396e-10
249.833 0.245102 -3.12561e-10
249.948 0.245096 -3.12751e-10
250.065 0.24509 -3.12939e-10
250.181 0.245084 -3.13125e-10
250.303 0.245078 -3.13301e-10
250.419 0.245072 -3.13472e-10
250.534 0.245066 -3.13646e-10
250.65 0.24506 -3.13837e-10
250.766 0.245054 -3.14035e-10
250.883 0.245047 -3.14235e-10
250.998 0.245041 -3.14433e-10
251.114 0.245035 -3.1467e-10
251.229 0.245028 -3.14855e-10
251.345 0.245022 -3.15041e-10
251.46 0.245016 -3.15209e-10
251.576 0.245009 -3.15384e-10
251.691 0.245003 -3.15541e-10
251.807 0.244996 -3.1572e-10
251.923 0.244989 -3.15922e-10
252.038 0.244983 -3.16089e-10
252.155 0.244976 -3.16258e-10
252.27 0.244969 -3.16434e-10
252.386 0.244963 -3.16616e-10
252.501 0.244956 -3.16779e-10
252.617 0.244949 -3.1695e-10
252.732 0.244942 -3.17124e-10
252.848 0.244935 -3.17333e-10
252.963 0.244929 -3.17531e-10
253.08 0.244922 -3.17726e-10
253.195 0.244915 -3.17927e-10
253.311 0.244908 -3.18101e-10
253.427 0.244901 -3.18266e-10
253.543 0.244894 -3.18452e-10
253.659 0.244887 -3.18598e-10
253.774 0.24488 -3.18754e-10
253.894 0.244872 -3.18936e-10
254.084 0.244861 -3.19139e-10
254.199 0.244854 -3.19273e-10
254.315 0.244847 -3.19423e-10
254.43 0.244839 -3.19592e-10
254.546 0.244832 -3.1978e-10
254.662 0.244825 -3.19985e-10
254.777 0.244818 -3.20179e-10
254.894 0.244811 -3.20378e-10
255.009 0.244804 -3.20571e-10
255.126 0.244796 -3.20797e-10
255.242 0.244789 -3.21013e-10
255.357 0.244782 -3.21203e-10
255.473 0.244775 -3.21361e-10
255.588 0.244768 -3.21528e-10
255.706 0.24476 -3.21702e-10
255.821 0.244753 -3.21872e-10
255.937 0.244746 -3.22045e-10
256.054 0.244739 -3.22206e-10
256.169 0.244731 -3.22378e-10
256.285 0.244724 -3.22532e-10
256.4 0.244717 -3.22719e-10
256.519 0.24471 -3.229e-10
256.636 0.244702 -3.23089e-10
256.751 0.244695 -3.23269e-10
256.867 0.244688 -3.23462e-10
256.998 0.24468 -3.23685e-10
257.117 0.244672 -3.23906e-10
257.233 0.244665 -3.24105e-10
257.349 0.244658 -3.24308e-10
257.464 0.244651 -3.24484e-10
257.581 0.244644 -3.24651e-10
257.697 0.244637 -3.24821e-10
257.812 0.244629 -3.24993e-10
257.929 0.244622 -3.2518e-10
258.044 0.244615 -3.2535e-10
258.16 0.244608 -3.25536e-10
258.276 0.244601 -3.25719e-10
258.392 0.244594 -3.25895e-10
258.508 0.244587 -3.26078e-10
258.64 0.244579 -3.26275e-10
258.771 0.244571 -3.26455e-10
258.887 0.244564 -3.26623e-10
259.003 0.244557 -3.26807e-10
259.118 0.24455 -3.26996e-10
259.234 0.244543 -3.27181e-10
259.35 0.244536 -3.27386e-10
259.466 0.244529 -3.27548e-10
259.582 0.244522 -3.27734e-10
259.697 0.244515 -3.27885e-10
259.814 0.244508 -3.28059e-10
259.931 0.244501 -3.28244e-10
260.046 0.244494 -3.28433e-10
260.163 0.244487 -3.28613e-10
260.279 0.24448 -3.28798e-10
260.395 0.244474 -3.28987e-10
260.511 0.244467 -3.29178e-10
260.626 0.24446 -3.29383e-10
260.742 0.244453 -3.29599e-10
260.858 0.244447 -3.29805e-10
260.974 0.24444 -3.30005e-10
261.09 0.244433 -3.30232e-10
261.205 0.244426 -3.30405e-10
261.322 0.24442 -3.30594e-10
261.438 0.244413 -3.30759e-10
261.554 0.244407 -3.30937e-10
261.67 0.2444 -3.31112e-10
261.786 0.244393 -3.31258e-10
261.902 0.244387 -3.31417e-10
262.018 0.24438 -3.31587e-10
262.134 0.244374 -3.31753e-10
262.251 0.244367 -3.31933e-10
262.367 0.244361 -3.32115e-10
262.483 0.244355 -3.3231e-10
262.599 0.244348 -3.32487e-10
262.715 0.244342 -3.327e-10
262.831 0.244335 -3.32939e-10
262.949 0.244329 -3.33174e-10
263.066 0.244323 -3.3339e-10
263.182 0.244316 -3.33607e-10
263.298 0.24431 -3.33796e-10
263.414 0.244304 -3.33983e-10
263.53 0.244298 -3.34175e-10
263.647 0.244291 -3.34343e-10
263.763 0.244285 -3.34509e-10
263.88 0.244279 -3.34657e-10
263.996 0.244273 -3.3482e-10
264.112 0.244267 -3.3498e-10
264.228 0.244261 -3.35143e-10
264.344 0.244255 -3.3532e-10
264.461 0.244249 -3.35519e-10
264.577 0.244243 -3.35717e-10
264.694 0.244237 -3.35915e-10
264.81 0.244231 -3.36113e-10
264.926 0.244225 -3.3632e-10
265.042 0.244219 -3.36559e-10
265.158 0.244213 -3.3678e-10
265.274 0.244207 -3.36989e-10
265.393 0.244201 -3.37183e-10
265.509 0.244195 -3.37374e-10
265.626 0.244189 -3.37556e-10
265.743 0.244183 -3.37741e-10
265.859 0.244177 -3.37927e-10
265.975 0.244171 -3.38102e-10
266.091 0.244165 -3.38278e-10
266.208 0.244159 -3.38438e-10
266.324 0.244154 -3.38595e-10
266.44 0.244148 -3.38767e-10
266.557 0.244142 -3.38952e-10
266.675 0.244136 -3.39129e-10
266.792 0.24413 -3.39317e-10
266.91 0.244124 -3.39544e-10
267.03 0.244118 -3.39767e-10
267.147 0.244113 -3.39971e-10
267.265 0.244107 -3.402e-10
267.383 0.244101 -3.40399e-10
267.499 0.244095 -3.40587e-10
267.615 0.244089 -3.4076e-10
267.731 0.244084 -3.40919e-10
267.848 0.244078 -3.41091e-10
267.965 0.244072 -3.41263e-10
268.082 0.244066 -3.4144e-10
268.214 0.24406 -3.41624e-10
268.33 0.244054 -3.41792e-10
268.446 0.244049 -3.41954e-10
268.562 0.244043 -3.42163e-10
268.679 0.244037 -3.42354e-10
268.795 0.244031 -3.42556e-10
268.911 0.244026 -3.42756e-10
269.028 0.24402 -3.42966e-10
269.145 0.244014 -3.43166e-10
269.262 0.244009 -3.43367e-10
269.379 0.244003 -3.43559e-10
269.496 0.243997 -3.43756e-10
269.628 0.243991 -3.43905e-10
269.744 0.243985 -3.44053e-10
269.86 0.243979 -3.44229e-10
269.978 0.243973 -3.44386e-10
270.094 0.243968 -3.44552e-10
270.216 0.243962 -3.44703e-10
270.332 0.243956 -3.44865e-10
270.449 0.24395 -3.45037e-10
270.566 0.243945 -3.4523e-10
270.683 0.243939 -3.45411e-10
270.799 0.243933 -3.45583e-10
270.918 0.243927 -3.45794e-10
271.035 0.243922 -3.46001e-10
271.151 0.243916 -3.46224e-10
271.268 0.24391 -3.46453e-10
271.385 0.243904 -3.4666e-10
271.501 0.243899 -3.46883e-10
271.618 0.243893 -3.47105e-10
271.735 0.243887 -3.47265e-10
271.853 0.243881 -3.47403e-10
271.97 0.243876 -3.47558e-10
272.087 0.24387 -3.47699e-10
272.205 0.243864 -3.47857e-10
272.322 0.243858 -3.48017e-10
272.438 0.243853 -3.48185e-10
272.555 0.243847 -3.48349e-10
272.672 0.243841 -3.48511e-10
272.789 0.243835 -3.48691e-10
272.906 0.24383 -3.48883e-10
273.024 0.243824 -3.49112e-10
273.141 0.243818 -3.49307e-10
273.258 0.243812 -3.49492e-10
273.374 0.243807 -3.49697e-10
273.507 0.2438 -3.49888e-10
273.624 0.243794 -3.50086e-10
273.741 0.243789 -3.50281e-10
273.858 0.243783 -3.50442e-10
273.975 0.243777 -3.5061e-10
274.092 0.243771 -3.50787e-10
274.212 0.243765 -3.50946e-10
274.329 0.24376 -3.51098e-10
274.446 0.243754 -3.51275e-10
274.563 0.243748 -3.51447e-10
274.68 0.243742 -3.51622e-10
274.797 0.243737 -3.51794e-10
274.914 0.243731 -3.51988e-10
275.031 0.243725 -3.52201e-10
275.158 0.243719 -3.52408e-10
275.275 0.243713 -3.52628e-10
275.393 0.243707 -3.52834e-10
275.511 0.243702 -3.53037e-10
275.628 0.243696 -3.53231e-10
275.748 0.24369 -3.53418e-10
275.866 0.243684 -3.536e-10
275.983 0.243678 -3.5374e-10
276.101 0.243673 -3.53907e-10
276.218 0.243667 -3.54055e-10
276.335 0.243661 -3.54226e-10
276.453 0.243655 -3.54378e-10
276.57 0.24365 -3.54547e-10
276.69 0.243644 -3.54707e-10
276.808 0.243638 -3.54869e-10
276.926 0.243632 -3.55051e-10
277.044 0.243627 -3.55269e-10
277.162 0.243621 -3.55465e-10
277.28 0.243615 -3.55657e-10
277.398 0.243609 -3.55842e-10
277.517 0.243604 -3.56056e-10
277.635 0.243598 -3.56278e-10
277.767 0.243592 -3.56469e-10
277.885 0.243586 -3.56666e-10
278.002 0.24358 -3.5687e-10
278.12 0.243574 -3.57063e-10
278.238 0.243569 -3.5721e-10
278.356 0.243563 -3.57373e-10
278.474 0.243557 -3.57513e-10
278.602 0.243551 -3.57662e-10
278.72 0.243546 -3.57817e-10
278.839 0.24354 -3.57991e-10
278.957 0.243534 -3.58167e-10
279.076 0.243529 -3.58369e-10
279.194 0.243523 -3.58553e-10
279.313 0.243517 -3.58741e-10
279.43 0.243512 -3.58917e-10
279.548 0.243506 -3.59114e-10
279.666 0.2435 -3.59318e-10
279.785 0.243495 -3.59515e-10
279.903 0.243489 -3.59718e-10
