-1.5 1 0 0 2.5 1 1
-0.5 1 0 0 2.5 1 1
0.5 1 0 0 2.5 1 1
1.5 1 0 0 2.5 1 1
2.5 1 0 0 2.5 1 1
3.5 1 0 0 2.5 1 1
4.5 1 0 0 2.5 1 1
5.5 1 0 0 2.5 1 1
6.5 1 0 0 2.5 1 1
7.5 1 0 0 2.5 1 1
8.5 1 0 0 2.5 1 1
9.5 1 0 0 2.5 1 1
10.5 1 0 0 2.5 1 1
11.5 1 0 0 2.5 1 1
12.5 1 0 0 2.5 1 1
13.5 1 0 0 2.5 1 1
14.5 1 0 0 2.5 1 1
15.5 1 0 0 2.5 1 1
16.5 1 0 0 2.5 1 1
17.5 1 0 0 2.5 1 1
18.5 1 0 0 2.5 1 1
19.5 1 0 0 2.5 1 1
20.5 1 0 0 2.5 1 1
21.5 1 0 0 2.5 1 1
22.5 1 0 0 2.5 1 1
23.5 1 0 0 2.5 1 1
24.5 1 0 0 2.5 1 1
25.5 1 0 0 2.5 1 1
26.5 1 0 0 2.5 1 1
27.5 1 0 0 2.5 1 1
28.5 1 0 0 2.5 1 1
29.5 1 0 0 2.5 1 1
30.5 1 0 0 2.5 1 1
31.5 1 0 0 2.5 1 1
32.5 1 0 0 2.5 1 1
33.5 1 0 0 2.5 1 1
34.5 1 0 0 2.5 1 1
35.5 1 0 0 2.5 1 1
36.5 1 0 0 2.5 1 1
37.5 1 0 0 2.5 1 1
38.5 1 0 0 2.5 1 1
39.5 1 0 0 2.5 1 1
40.5 1 0 0 2.5 1 1
41.5 1 0 0 2.5 1 1
42.5 1 0 0 2.5 1 1
43.5 1 0 0 2.5 1 1
44.5 1 0 0 2.5 1 1
45.5 1 0 0 2.5 1 1
46.5 1 0 0 2.5 1 1
47.5 1 0 0 2.5 1 1
48.5 1 0 0 2.5 1 1
49.5 1 0 0 2.5 1 1
50.5 1 0 0 2.5 1 1
51.5 1 0 0 2.5 1 1
52.5 1 0 0 2.5 1 1
53.5 1 0 0 2.5 1 1
54.5 1 0 0 2.5 1 1
55.5 1 0 0 2.5 1 1
56.5 1 0 0 2.5 1 1
57.5 1 0 0 2.5 1 1
58.5 1 0 0 2.5 1 1
59.5 1 0 0 2.5 1 1
60.5 1 0 0 2.5 1 1
61.5 1 0 0 2.5 1 1
62.5 1 0 0 2.5 1 1
63.5 1 0 0 2.5 1 1
64.5 1 0 0 2.5 1 1
65.5 1 0 0 2.5 1 1
66.5 1 0 0 2.5 1 1
67.5 1 0 0 2.5 1 1
68.5 1 0 0 2.5 1 1
69.5 1 0 0 2.5 1 1
70.5 1 0 0 2.5 1 1
71.5 1 0 0 2.5 1 1
72.5 1 0 0 2.5 1 1
73.5 1 0 0 2.5 1 1
74.5 1 0 0 2.5 1 1
75.5 1 0 0 2.5 1 1
76.5 1 0 0 2.5 1 1
77.5 1 0 0 2.5 1 1
78.5 1 0 0 2.5 1 1
79.5 1 0 0 2.5 1 1
80.5 1 0 0 2.5 1 1
81.5 1 0 0 2.5 1 1
82.5 1 0 0 2.5 1 1
83.5 1 0 0 2.5 1 1
84.5 1 0 0 2.5 1 1
85.5 1 0 0 2.5 1 1
86.5 1 0 0 2.5 1 1
87.5 1 0 0 2.5 1 1
88.5 1 0 0 2.5 1 1
89.5 1 0 0 2.5 1 1
90.5 1 0 0 2.5 1 1
91.5 1 0 0 2.5 1 1
92.5 1 0 0 2.5 1 1
93.5 1 0 0 2.5 1 1
94.5 1 0 0 2.5 1 1
95.5 1 0 0 2.5 1 1
96.5 1 0 0 2.5 1 1
97.5 1 0 0 2.5 1 1
98.5 1 0 0 2.5 1 1
99.5 1 0 0 2.5 1 1
100.5 1 0 0 2.5 1 1
101.5 1 0 0 2.5 1 1
102.5 1 0 0 2.5 1 1
103.5 1 0 0 2.5 1 1
104.5 1 0 0 2.5 1 1
105.5 1 0 0 2.5 1 1
106.5 1 0 0 2.5 1 1
107.5 1 0 0 2.5 1 1
108.5 1 0 0 2.5 1 1
109.5 1 0 0 2.5 1 1
110.5 1 0 0 2.5 1 1
111.5 1 0 0 2.5 1 1
112.5 1 0 0 2.5 1 1
113.5 1 0 0 2.5 1 1
114.5 1 0 0 2.5 1 1
115.5 1 0 0 2.5 1 1
116.5 1 0 0 2.5 1 1
117.5 1 0 0 2.5 1 1
118.5 1 0 0 2.5 1 1
119.5 1 0 0 2.5 1 1
120.5 1 0 0 2.5 1 1
121.5 1 0 0 2.5 1 1
122.5 1 0 0 2.5 1 1
123.5 1 0 0 2.5 1 1
124.5 1 0 0 2.5 1 1
125.5 1 0 0 2.5 1 1
126.5 1 0 0 2.5 1 1
127.5 1 0 0 2.5 1 1
128.5 1 0 0 2.5 1 1
129.5 1 0 0 2.5 1 1
130.5 1 0 0 2.5 1 1
131.5 1 0 0 2.5 1 1
132.5 1 0 0 2.5 1 1
133.5 1 0 0 2.5 1 1
134.5 1 0 0 2.5 1 1
135.5 1 0 0 2.5 1 1
136.5 1 0 0 2.5 1 1
137.5 1 0 0 2.5 1 1
138.5 1 0 0 2.5 1 1
139.5 1 0 0 2.5 1 1
140.5 1 0 0 2.5 1 1
141.5 1 0 0 2.5 1 1
142.5 1 0 0 2.5 1 1
143.5 1 0 0 2.5 1 1
144.5 1 0 0 2.5 1 1
145.5 1 0 0 2.5 1 1
146.5 1 0 0 2.5 1 1
147.5 1 0 0 2.5 1 1
148.5 1 0 0 2.5 1 1
149.5 1 0 0 2.5 1 1
150.5 0.21558 0 0 7.37229 1 0.09
151.5 0.138 0 0 10.8641 1 0
152.5 0.138 0 0 10.8641 1 0
153.5 0.138 0 0 10.8641 1 0
154.5 0.138 0 0 10.8641 1 0
155.5 0.138 0 0 10.8641 1 0
156.5 0.138 0 0 10.8641 1 0
157.5 0.138 0 0 10.8641 1 0
158.5 0.138 0 0 10.8641 1 0
159.5 0.138 0 0 10.8641 1 0
160.5 0.138 0 0 10.8641 1 0
161.5 0.138 0 0 10.8641 1 0
162.5 0.138 0 0 10.8641 1 0
163.5 0.138 0 0 10.8641 1 0
164.5 0.138 0 0 10.8641 1 0
165.5 0.138 0 0 10.8641 1 0
166.5 0.138 0 0 10.8641 1 0
167.5 0.138 0 0 10.8641 1 0
168.5 0.138 0 0 10.8641 1 0
169.5 0.138 0 0 10.8641 1 0
170.5 0.138 0 0 10.8641 1 0
171.5 0.138 0 0 10.8641 1 0
172.5 0.138 0 0 10.8641 1 0
173.5 0.138 0 0 10.8641 1 0
174.5 0.138 0 0 10.8641 1 0
175.5 0.138 0 0 10.8641 1 0
176.5 0.138 0 0 10.8641 1 0
177.5 0.138 0 0 10.8641 1 0
178.5 0.138 0 0 10.8641 1 0
179.5 0.138 0 0 10.8641 1 0
180.5 0.138 0 0 10.8641 1 0
181.5 0.138 0 0 10.8641 1 0
182.5 0.138 0 0 10.8641 1 0
183.5 0.138 0 0 10.8641 1 0
184.5 0.138 0 0 10.8641 1 0
185.5 0.138 0 0 10.8641 1 0
186.5 0.138 0 0 10.8641 1 0
187.5 0.138 0 0 10.8641 1 0
188.5 0.138 0 0 10.8641 1 0
189.5 0.138 0 0 10.8641 1 0
190.5 0.138 0 0 10.8641 1 0
191.5 0.138 0 0 10.8641 1 0
192.5 0.138 0 0 10.8641 1 0
193.5 0.138 0 0 10.8641 1 0
194.5 0.138 0 0 10.8641 1 0
195.5 0.138 0 0 10.8641 1 0
196.5 0.138 0 0 10.8641 1 0
197.5 0.138 0 0 10.8641 1 0
198.5 0.138 0 0 10.8641 1 0
199.5 0.21558 0 0 7.37229 1 0.09
200.5 1 0 0 2.5 1 1
201.5 1 0 0 2.5 1 1
202.5 1 0 0 2.5 1 1
203.5 1 0 0 2.5 1 1
204.5 1 0 0 2.5 1 1
205.5 1 0 0 2.5 1 1
206.5 1 0 0 2.5 1 1
207.5 1 0 0 2.5 1 1
208.5 1 0 0 2.5 1 1
209.5 1 0 0 2.5 1 1
210.5 1 0 0 2.5 1 1
211.5 1 0 0 2.5 1 1
212.5 1 0 0 2.5 1 1
213.5 1 0 0 2.5 1 1
214.5 1 0 0 2.5 1 1
215.5 1 0 0 2.5 1 1
216.5 1 0 0 2.5 1 1
217.5 1 0 0 2.5 1 1
218.5 1 0 0 2.5 1 1
219.5 1 0 0 2.5 1 1
220.5 1 0 0 2.5 1 1
221.5 1 0 0 2.5 1 1
222.5 1 0 0 2.5 1 1
223.5 1 0 0 2.5 1 1
224.5 1 0 0 2.5 1 1
225.5 1.3764 -0.394 0 2.85128 1.5698 1
226.5 1.3764 -0.394 0 2.85128 1.5698 1
227.5 1.3764 -0.394 0 2.85128 1.5698 1
228.5 1.3764 -0.394 0 2.85128 1.5698 1
229.5 1.3764 -0.394 0 2.85128 1.5698 1
230.5 1.3764 -0.394 0 2.85128 1.5698 1
231.5 1.3764 -0.394 0 2.85128 1.5698 1
232.5 1.3764 -0.394 0 2.85128 1.5698 1
233.5 1.3764 -0.394 0 2.85128 1.5698 1
234.5 1.3764 -0.394 0 2.85128 1.5698 1
235.5 1.3764 -0.394 0 2.85128 1.5698 1
236.5 1.3764 -0.394 0 2.85128 1.5698 1
237.5 1.3764 -0.394 0 2.85128 1.5698 1
238.5 1.3764 -0.394 0 2.85128 1.5698 1
239.5 1.3764 -0.394 0 2.85128 1.5698 1
240.5 1.3764 -0.394 0 2.85128 1.5698 1
241.5 1.3764 -0.394 0 2.85128 1.5698 1
242.5 1.3764 -0.394 0 2.85128 1.5698 1
243.5 1.3764 -0.394 0 2.85128 1.5698 1
244.5 1.3764 -0.394 0 2.85128 1.5698 1
245.5 1.3764 -0.394 0 2.85128 1.5698 1
246.5 1.3764 -0.394 0 2.85128 1.5698 1
247.5 1.3764 -0.394 0 2.85128 1.5698 1
248.5 1.3764 -0.394 0 2.85128 1.5698 1
249.5 1.3764 -0.394 0 2.85128 1.5698 1
250.5 1.3764 -0.394 0 2.85128 1.5698 1
251.5 1.3764 -0.394 0 2.85128 1.5698 1
252.5 1.3764 -0.394 0 2.85128 1.5698 1
253.5 1.3764 -0.394 0 2.85128 1.5698 1
254.5 1.3764 -0.394 0 2.85128 1.5698 1
255.5 1.3764 -0.394 0 2.85128 1.5698 1
256.5 1.3764 -0.394 0 2.85128 1.5698 1
257.5 1.3764 -0.394 0 2.85128 1.5698 1
258.5 1.3764 -0.394 0 2.85128 1.5698 1
259.5 1.3764 -0.394 0 2.85128 1.5698 1
260.5 1.3764 -0.394 0 2.85128 1.5698 1
261.5 1.3764 -0.394 0 2.85128 1.5698 1
262.5 1.3764 -0.394 0 2.85128 1.5698 1
263.5 1.3764 -0.394 0 2.85128 1.5698 1
264.5 1.3764 -0.394 0 2.85128 1.5698 1
265.5 1.3764 -0.394 0 2.85128 1.5698 1
266.5 1.3764 -0.394 0 2.85128 1.5698 1
267.5 1.3764 -0.394 0 2.85128 1.5698 1
268.5 1.3764 -0.394 0 2.85128 1.5698 1
269.5 1.3764 -0.394 0 2.85128 1.5698 1
270.5 1.3764 -0.394 0 2.85128 1.5698 1
271.5 1.3764 -0.394 0 2.85128 1.5698 1
272.5 1.3764 -0.394 0 2.85128 1.5698 1
273.5 1.3764 -0.394 0 2.85128 1.5698 1
274.5 1.3764 -0.394 0 2.85128 1.5698 1
275.5 1.3764 -0.394 0 2.85128 1.5698 1
276.5 1.3764 -0.394 0 2.85128 1.5698 1
277.5 1.3764 -0.394 0 2.85128 1.5698 1
278.5 1.3764 -0.394 0 2.85128 1.5698 1
279.5 1.3764 -0.394 0 2.85128 1.5698 1
280.5 1.3764 -0.394 0 2.85128 1.5698 1
281.5 1.3764 -0.394 0 2.85128 1.5698 1
282.5 1.3764 -0.394 0 2.85128 1.5698 1
283.5 1.3764 -0.394 0 2.85128 1.5698 1
284.5 1.3764 -0.394 0 2.85128 1.5698 1
285.5 1.3764 -0.394 0 2.85128 1.5698 1
286.5 1.3764 -0.394 0 2.85128 1.5698 1
287.5 1.3764 -0.394 0 2.85128 1.5698 1
288.5 1.3764 -0.394 0 2.85128 1.5698 1
289.5 1.3764 -0.394 0 2.85128 1.5698 1
290.5 1.3764 -0.394 0 2.85128 1.5698 1
291.5 1.3764 -0.394 0 2.85128 1.5698 1
292.5 1.3764 -0.394 0 2.85128 1.5698 1
293.5 1.3764 -0.394 0 2.85128 1.5698 1
294.5 1.3764 -0.394 0 2.85128 1.5698 1
295.5 1.3764 -0.394 0 2.85128 1.5698 1
296.5 1.3764 -0.394 0 2.85128 1.5698 1
297.5 1.3764 -0.394 0 2.85128 1.5698 1
298.5 1.3764 -0.394 0 2.85128 1.5698 1
299.5 1.3764 -0.394 0 2.85128 1.5698 1
300.5 1.3764 -0.394 0 2.85128 1.5698 1
301.5 1.3764 -0.394 0 2.85128 1.5698 1
302.5 1.3764 -0.394 0 2.85128 1.5698 1
303.5 1.3764 -0.394 0 2.85128 1.5698 1
304.5 1.3764 -0.394 0 2.85128 1.5698 1
305.5 1.3764 -0.394 0 2.85128 1.5698 1
306.5 1.3764 -0.394 0 2.85128 1.5698 1
307.5 1.3764 -0.394 0 2.85128 1.5698 1
308.5 1.3764 -0.394 0 2.85128 1.5698 1
309.5 1.3764 -0.394 0 2.85128 1.5698 1
310.5 1.3764 -0.394 0 2.85128 1.5698 1
311.5 1.3764 -0.394 0 2.85128 1.5698 1
312.5 1.3764 -0.394 0 2.85128 1.5698 1
313.5 1.3764 -0.394 0 2.85128 1.5698 1
314.5 1.3764 -0.394 0 2.85128 1.5698 1
315.5 1.3764 -0.394 0 2.85128 1.5698 1
316.5 1.3764 -0.394 0 2.85128 1.5698 1
317.5 1.3764 -0.394 0 2.85128 1.5698 1
318.5 1.3764 -0.394 0 2.85128 1.5698 1
319.5 1.3764 -0.394 0 2.85128 1.5698 1
320.5 1.3764 -0.394 0 2.85128 1.5698 1
321.5 1.3764 -0.394 0 2.85128 1.5698 1
322.5 1.3764 -0.394 0 2.85128 1.5698 1
323.5 1.3764 -0.394 0 2.85128 1.5698 1
324.5 1.3764 -0.394 0 2.85128 1.5698 1
325.5 1.3764 -0.394 0 2.85128 1.5698 1
326.5 1.3764 -0.394 0 2.85128 1.5698 1
