-0.00375 1.57655 -0.277127 0.0190294 3.0151 1.90139 1
-0.00125 1.58294 -0.27678 0.00727791 3.01957 1.91192 1
0.00125 1.58551 -0.276717 -0.00708628 3.02153 1.91627 1
0.00375 1.57816 -0.277069 -0.0179452 3.01634 1.90411 1
0.00625 1.57112 -0.277703 -0.0219673 3.01103 1.89228 1
0.00875 1.56433 -0.277478 -0.0169888 3.00594 1.88092 1
0.01125 1.55969 -0.277186 -0.00570661 3.00231 1.87307 1
0.01375 1.56078 -0.277238 0.00942533 3.00284 1.87471 1
0.01625 1.56769 -0.276798 0.0246514 3.00792 1.88619 1
0.01875 1.57382 -0.275779 0.0354708 3.01252 1.89647 1
0.02125 1.57302 -0.27509 0.0400949 3.01198 1.89516 1
0.02375 1.56685 -0.274788 0.0364054 3.00738 1.88485 1
0.02625 1.55245 -0.274506 0.0200731 2.99649 1.86076 1
0.02875 1.52883 -0.274936 -0.0099961 2.97831 1.82134 1
0.03125 1.52433 -0.275728 -0.0315364 2.97464 1.81374 1
0.03375 1.53874 -0.276792 -0.0554821 2.98576 1.83772 1
0.03625 1.5564 -0.277583 -0.0732375 2.9994 1.86731 1
0.03875 1.57302 -0.278936 -0.0740969 3.01206 1.89521 1
0.04125 1.58215 -0.279393 -0.0685215 3.01912 1.91068 1
0.04375 1.58521 -0.279157 -0.0627812 3.02154 1.91591 1
0.04625 1.5804 -0.278921 -0.0560325 3.01788 1.90778 1
0.04875 1.56841 -0.27783 -0.0460454 3.0087 1.88755 1
0.05125 1.55802 -0.278207 -0.0382422 3.00076 1.8701 1
0.05375 1.55149 -0.278203 -0.0313421 2.99572 1.85913 1
0.05625 1.54765 -0.276764 -0.0252582 2.99272 1.85267 1
0.05875 1.5466 -0.276007 -0.018453 2.99192 1.85093 1
0.06125 1.5482 -0.276009 -0.0115625 2.99316 1.8536 1
0.06375 1.55198 -0.276003 -0.0042739 2.99605 1.85992 1
0.06625 1.55823 -0.274795 0.0042711 3.00086 1.87041 1
0.06875 1.56777 -0.273524 0.0141207 3.00813 1.88642 1
0.07125 1.57415 -0.272977 0.0208488 3.01303 1.89718 1
0.07375 1.57547 -0.273655 0.0230432 3.01409 1.89944 1
0.07625 1.57348 -0.272813 0.0222407 3.01257 1.89608 1
0.07875 1.56532 -0.272303 0.0167576 3.00628 1.88231 1
0.08125 1.54865 -0.271384 0.00416193 2.99347 1.85433 1
0.08375 1.53824 -0.271046 -0.00307171 2.9855 1.83696 1
0.08625 1.53528 -0.2707 -0.00484104 2.98321 1.83203 1
0.08875 1.53583 -0.269688 -0.0047019 2.98374 1.833 1
0.09125 1.53805 -0.270295 -0.00375775 2.9855 1.83674 1
0.09375 1.539 -0.271109 -0.00381239 2.98613 1.83827 1
0.09625 1.53595 -0.271816 -0.00435415 2.98365 1.83309 1
0.09875 1.52824 -0.273575 -0.00923976 2.97773 1.82028 1
0.10125 1.52175 -0.275444 -0.017069 2.97281 1.80955 1
0.10375 1.52406 -0.277182 -0.0233303 2.97452 1.81334 1
0.10625 1.53857 -0.278613 -0.0359058 2.98586 1.83759 1
0.10875 1.56052 -0.279045 -0.0510111 3.00289 1.87442 1
0.11125 1.58002 -0.279992 -0.0540807 3.01782 1.90729 1
0.11375 1.59144 -0.278833 -0.0489988 3.02648 1.92658 1
0.11625 1.59393 -0.277654 -0.0437803 3.0285 1.93088 1
0.11875 1.5877 -0.276901 -0.0369674 3.02382 1.92037 1
0.12125 1.5747 -0.276618 -0.0297281 3.01388 1.89838 1
0.12375 1.55924 -0.276075 -0.0269971 3.00205 1.87236 1
0.12625 1.54563 -0.27712 -0.0278192 2.99153 1.84952 1
0.12875 1.53692 -0.277875 -0.0279903 2.98465 1.83487 1
0.13125 1.53341 -0.277232 -0.026619 2.98181 1.82893 1
0.13375 1.5339 -0.276294 -0.0238984 2.98235 1.82986 1
0.13625 1.53846 -0.276945 -0.0216554 2.98599 1.83753 1
0.13875 1.54542 -0.276288 -0.0171742 2.99129 1.84912 1
0.14125 1.55208 -0.274383 -0.00813164 2.99647 1.8603 1
0.14375 1.55705 -0.27343 0.00362413 3.00026 1.86862 1
0.14625 1.55551 -0.273789 0.0144643 2.99894 1.86595 1
0.14875 1.55069 -0.274123 0.0245851 2.99521 1.85785 1
0.15125 1.54537 -0.273627 0.0285835 2.99125 1.84903 1
0.15375 1.54016 -0.274249 0.0242507 2.9872 1.8403 1
0.15625 1.53743 -0.275525 0.006963 2.98511 1.83577 1
0.15875 1.53707 -0.27672 -0.0174591 2.98487 1.83519 1
0.16125 1.54454 -0.277433 -0.0430832 2.99068 1.84769 1
0.16375 1.55067 -0.277243 -0.0560589 2.99528 1.85788 1
0.16625 1.55482 -0.27669 -0.0591969 2.99837 1.86477 1
0.16875 1.55629 -0.27555 -0.0533396 2.99962 1.86731 1
0.17125 1.55533 -0.274344 -0.0405509 2.99893 1.86573 1
0.17375 1.55298 -0.272917 -0.0222812 2.99714 1.8618 1
0.17625 1.55129 -0.270715 -0.00164956 2.99592 1.85902 1
0.17875 1.551 -0.269637 0.0171856 2.99581 1.85861 1
0.18125 1.55006 -0.268537 0.0299804 2.99505 1.857 1
0.18375 1.54793 -0.268126 0.0354704 2.99331 1.85338 1
0.18625 1.54373 -0.269205 0.0341486 2.99011 1.84637 1
0.18875 1.54152 -0.27103 0.0236194 2.98834 1.84264 1
0.19125 1.5394 -0.275212 0.000451597 2.98662 1.83903 1
0.19375 1.54066 -0.279883 -0.0252607 2.98766 1.84119 1
0.19625 1.54276 -0.282641 -0.0445233 2.9893 1.84471 1
0.19875 1.54535 -0.283615 -0.0511211 2.99128 1.84903 1
0.20125 1.54786 -0.28304 -0.047824 2.99324 1.85325 1
0.20375 1.54659 -0.281683 -0.0389837 2.99233 1.85116 1
0.20625 1.54575 -0.279 -0.0258933 2.99154 1.84967 1
0.20875 1.54864 -0.276654 -0.0120269 2.99356 1.85438 1
0.21125 1.55249 -0.274228 0.000794073 2.99666 1.86092 1
0.21375 1.55543 -0.271499 0.010976 2.99887 1.86581 1
0.21625 1.55646 -0.271598 0.0171923 2.99971 1.86757 1
0.21875 1.55151 -0.271286 0.0193611 2.99606 1.85938 1
0.22125 1.54192 -0.271574 0.0167838 2.98874 1.84336 1
0.22375 1.52329 -0.273283 0.0103779 2.97427 1.81227 1
0.22625 1.49935 -0.276739 0.00058899 2.95546 1.77251 1
0.22875 1.48422 -0.277592 -0.00414756 2.9434 1.74746 1
0.23125 1.47731 -0.278031 -0.00721308 2.93775 1.73598 1
0.23375 1.48057 -0.27841 -0.00894071 2.94028 1.74131 1
0.23625 1.49273 -0.277822 -0.0130117 2.94997 1.76141 1
0.23875 1.5162 -0.277215 -0.0225733 2.9686 1.80039 1
0.24125 1.54249 -0.275864 -0.0334452 2.98913 1.84428 1
0.24375 1.55646 -0.274706 -0.0360456 2.99985 1.86766 1
0.24625 1.56186 -0.274073 -0.0344503 3.0041 1.8768 1
0.24875 1.56114 -0.274375 -0.0294033 3.0036 1.87561 1
0.25125 1.55722 -0.273929 -0.0206917 3.00055 1.86901 1
0.25375 1.55207 -0.273132 -0.0109525 2.99662 1.86039 1
0.25625 1.55045 -0.272346 -0.0010102 2.99532 1.85763 1
0.25875 1.54977 -0.272312 0.00776879 2.99461 1.85638 1
0.26125 1.54799 -0.272751 0.0150237 2.99316 1.85336 1
0.26375 1.54287 -0.272391 0.0196398 2.98917 1.84476 1
0.26625 1.53323 -0.273616 0.020773 2.9817 1.82865 1
0.26875 1.52424 -0.274406 0.0165263 2.97488 1.81377 1
0.27125 1.51928 -0.275076 0.0084136 2.97106 1.80554 1
0.27375 1.522 -0.276671 -0.0001808 2.97319 1.81008 1
0.27625 1.53836 -0.277906 -0.0146392 2.98601 1.83743 1
0.27875 1.55975 -0.277637 -0.028175 3.00241 1.87321 1
0.28125 1.57754 -0.277453 -0.0301745 3.01577 1.903 1
0.28375 1.58807 -0.276428 -0.024691 3.0239 1.92087 1
0.28625 1.58947 -0.275489 -0.0201635 3.02495 1.92322 1
0.28875 1.58102 -0.275462 -0.0139587 3.01867 1.90903 1
0.29125 1.56486 -0.275028 -0.0106455 3.00636 1.88181 1
0.29375 1.54635 -0.274798 -0.0147983 2.99215 1.85076 1
0.29625 1.52945 -0.275776 -0.0195892 2.97907 1.82254 1
0.29875 1.51926 -0.276309 -0.0211996 2.97105 1.80552 1
0.30125 1.51473 -0.276188 -0.0184275 2.96728 1.79785 1
0.30375 1.5168 -0.276434 -0.0130743 2.96882 1.80124 1
0.30625 1.52201 -0.276616 -0.00613231 2.97316 1.81007 1
0.30875 1.5315 -0.276691 0.00211199 2.98063 1.82594 1
0.31125 1.54461 -0.2758 0.0127781 2.99084 1.84787 1
0.31375 1.55336 -0.275043 0.0194734 2.9976 1.86254 1
0.31625 1.55516 -0.275151 0.0218547 2.99899 1.86557 1
0.31875 1.5513 -0.275406 0.0239901 2.99597 1.85906 1
0.32125 1.53767 -0.27592 0.0245038 2.98532 1.83617 1
0.32375 1.51474 -0.276961 0.013554 2.9675 1.79799 1
0.32625 1.49398 -0.277417 -0.00208438 2.95122 1.76363 1
0.32875 1.48851 -0.278172 -0.0119925 2.94682 1.75455 1
0.33125 1.49358 -0.278228 -0.0216964 2.95085 1.76293 1
0.33375 1.51065 -0.27762 -0.0349959 2.96433 1.79122 1
0.33625 1.52976 -0.276964 -0.044422 2.97924 1.82301 1
0.33875 1.54706 -0.276203 -0.0434532 2.99263 1.85192 1
0.34125 1.55636 -0.276146 -0.0374849 2.99969 1.86743 1
0.34375 1.55835 -0.276281 -0.0291838 3.0011 1.8707 1
0.34625 1.55588 -0.276346 -0.0194573 2.99936 1.86666 1
0.34875 1.5525 -0.276277 -0.00970409 2.99679 1.86101 1
0.35125 1.55251 -0.276017 0.000560711 2.99669 1.86096 1
0.35375 1.55463 -0.275936 0.0100482 2.99846 1.86459 1
0.35625 1.55734 -0.275316 0.020041 3.00053 1.86914 1
0.35875 1.55799 -0.274459 0.0276451 3.00099 1.8702 1
0.36125 1.55304 -0.273926 0.0328994 2.99718 1.86189 1
0.36375 1.54157 -0.273756 0.033604 2.98826 1.84265 1
0.36625 1.52793 -0.273093 0.0257233 2.97766 1.81986 1
0.36875 1.51212 -0.273588 0.00676483 2.96534 1.79358 1
0.37125 1.50685 -0.274949 -0.00982016 2.96121 1.78484 1
0.37375 1.51512 -0.276537 -0.0274841 2.96782 1.79864 1
0.37625 1.52917 -0.278237 -0.0438122 2.97875 1.82201 1
0.37875 1.54161 -0.278983 -0.0479693 2.98837 1.84276 1
0.38125 1.55032 -0.279594 -0.0450812 2.99506 1.85732 1
0.38375 1.552 -0.279704 -0.0383053 2.99633 1.86012 1
0.38625 1.549 -0.279504 -0.0290113 2.99403 1.8551 1
0.38875 1.54454 -0.278818 -0.0186821 2.99058 1.84763 1
0.39125 1.54264 -0.278876 -0.00909382 2.98905 1.84441 1
0.39375 1.54259 -0.279346 0.00109054 2.98922 1.84445 1
0.39625 1.54612 -0.280094 0.0109672 2.99191 1.85034 1
0.39875 1.54939 -0.280348 0.0212846 2.99433 1.85576 1
0.40125 1.54966 -0.279981 0.0285723 2.99452 1.85619 1
0.40375 1.54309 -0.279663 0.0327977 2.98946 1.8452 1
0.40625 1.53079 -0.279245 0.0315755 2.97994 1.82467 1
0.40875 1.51572 -0.277522 0.0201105 2.96817 1.79956 1
0.41125 1.49947 -0.276001 0.000884394 2.95534 1.77258 1
0.41375 1.49679 -0.275445 -0.0129794 2.95324 1.76815 1
0.41625 1.50321 -0.274539 -0.026741 2.95824 1.77874 1
0.41875 1.51151 -0.275121 -0.0345566 2.96472 1.79248 1
0.42125 1.52136 -0.274975 -0.0341103 2.97234 1.8088 1
0.42375 1.52589 -0.275243 -0.0273594 2.9758 1.81629 1
0.42625 1.52679 -0.275936 -0.0162407 2.97651 1.8178 1
0.42875 1.5249 -0.276405 -0.00255674 2.97499 1.81463 1
0.43125 1.52272 -0.276797 0.0123483 2.97331 1.81101 1
0.43375 1.52393 -0.276463 0.0250465 2.97448 1.81316 1
0.43625 1.52782 -0.2764 0.0335077 2.97748 1.81963 1
0.43875 1.53162 -0.276376 0.0361871 2.98044 1.82597 1
0.44125 1.53795 -0.276373 0.0298704 2.98539 1.83655 1
0.44375 1.54653 -0.277348 0.0136872 2.99203 1.85091 1
0.44625 1.54945 -0.277153 -0.00931408 2.99427 1.85578 1
0.44875 1.5404 -0.277478 -0.0279915 2.98721 1.84059 1
0.45125 1.5312 -0.277678 -0.0381763 2.98001 1.82519 1
0.45375 1.52813 -0.27804 -0.0387896 2.97762 1.82008 1
0.45625 1.52325 -0.278084 -0.0327692 2.97365 1.81185 1
0.45875 1.51803 -0.277485 -0.0211196 2.96957 1.80316 1
0.46125 1.5125 -0.277195 -0.00568136 2.96524 1.79397 1
0.46375 1.50957 -0.277235 0.0076051 2.96292 1.7891 1
0.46625 1.50397 -0.276992 0.0163695 2.95861 1.77987 1
0.46875 1.4971 -0.277221 0.0210297 2.95329 1.76855 1
0.47125 1.49318 -0.2771 0.0232854 2.95018 1.76205 1
0.47375 1.49487 -0.276642 0.02395 2.95152 1.76486 1
0.47625 1.50261 -0.276091 0.0201349 2.95748 1.77758 1
0.47875 1.51936 -0.275685 0.0123662 2.97044 1.80526 1
0.48125 1.53795 -0.275728 0.00546956 2.98489 1.83625 1
0.48375 1.55322 -0.275614 0.00608695 2.9969 1.86194 1
0.48625 1.56071 -0.27625 0.0131768 3.0029 1.87467 1
0.48875 1.56134 -0.277093 0.020797 3.00354 1.87582 1
0.49125 1.55426 -0.277796 0.0294773 2.99815 1.86396 1
0.49375 1.54005 -0.278235 0.0325466 2.98709 1.8401 1
0.49625 1.52632 -0.278837 0.0234669 2.97627 1.8171 1
0.49875 1.51286 -0.279116 0.00638706 2.96536 1.79447 1
0.50125 1.50972 -0.279019 -0.00539597 2.96288 1.78924 1
0.50375 1.52403 -0.278772 -0.0211281 2.97448 1.81327 1
