-0.00375 1.60309 -0.281455 0.0326799 3.03539 1.94641 1
-0.00125 1.63557 -0.278877 0.0146998 3.05996 2.00191 1
0.00125 1.63868 -0.278336 -0.0131419 3.06229 2.00724 1
0.00375 1.60603 -0.281004 -0.0277706 3.03763 1.95142 1
0.00625 1.56627 -0.283651 -0.0382851 3.00682 1.88379 1
0.00875 1.53596 -0.28411 -0.0344854 2.98351 1.83302 1
0.01125 1.52077 -0.282749 -0.0240954 2.97191 1.80784 1
0.01375 1.52127 -0.281217 -0.00971814 2.9722 1.80861 1
0.01625 1.53413 -0.278439 -0.00265641 2.98247 1.8302 1
0.01875 1.55895 -0.275088 -0.00158641 3.00186 1.87189 1
0.02125 1.5957 -0.27274 0.000808617 3.02993 1.93395 1
0.02375 1.62961 -0.270533 0.0131417 3.0559 1.99197 1
0.02625 1.64533 -0.26989 0.0266 3.06768 2.01894 1
0.02875 1.63611 -0.269741 0.0361424 3.0609 2.00319 1
0.03125 1.59347 -0.270459 0.0385866 3.02896 1.93063 1
0.03375 1.52794 -0.27195 0.00578036 2.97848 1.82037 1
0.03625 1.48188 -0.27262 -0.0256003 2.94209 1.74393 1
0.03875 1.47503 -0.275594 -0.039354 2.93645 1.73254 1
0.04125 1.49831 -0.278772 -0.0589155 2.95511 1.77107 1
0.04375 1.54042 -0.281253 -0.0763227 2.9881 1.84117 1
0.04625 1.58401 -0.284175 -0.0699812 3.02188 1.91468 1
0.04875 1.6071 -0.283813 -0.0517164 3.03968 1.95403 1
0.05125 1.61407 -0.281911 -0.0360168 3.04473 1.96576 1
0.05375 1.60203 -0.280573 -0.0194966 3.03562 1.94527 1
0.05625 1.57635 -0.27869 -0.00301131 3.01574 1.90154 1
0.05875 1.54611 -0.278776 0.00560927 2.9922 1.8505 1
0.06125 1.51838 -0.279452 0.00681276 2.9707 1.80426 1
0.06375 1.50126 -0.277024 0.00701252 2.95746 1.77596 1
0.06625 1.49992 -0.277021 0.011227 2.9563 1.77369 1
0.06875 1.51494 -0.275826 0.00895014 2.96812 1.79861 1
0.07125 1.54632 -0.272343 -0.000381454 2.99252 1.85096 1
0.07375 1.59414 -0.270846 -0.0191064 3.0294 1.93172 1
0.07625 1.62808 -0.268045 -0.0225055 3.05502 1.98953 1
0.07875 1.63054 -0.266082 -0.028712 3.05693 1.99378 1
0.08125 1.61367 -0.268149 -0.0304492 3.04446 1.9651 1
0.08375 1.57437 -0.270564 -0.0338815 3.01443 1.89833 1
0.08625 1.53574 -0.271452 -0.0364007 2.9847 1.83349 1
0.08875 1.50913 -0.273653 -0.034578 2.96377 1.78908 1
0.09125 1.49668 -0.274866 -0.026653 2.9538 1.76835 1
0.09375 1.49204 -0.274494 -0.0159933 2.95024 1.76075 1
0.09625 1.49129 -0.277537 -0.00317797 2.94991 1.75967 1
0.09875 1.49644 -0.28006 0.00873156 2.95391 1.76813 1
0.10125 1.50866 -0.280178 0.018148 2.96402 1.78867 1
0.10375 1.52478 -0.28058 0.0211881 2.97653 1.81543 1
0.10625 1.54586 -0.280788 0.015426 2.99276 1.85056 1
0.10875 1.57634 -0.280985 -0.000229087 3.0162 1.90182 1
0.11125 1.59647 -0.279789 -0.00682066 3.03132 1.93576 1
0.11375 1.60757 -0.280828 -0.00608248 3.0392 1.95429 1
0.11625 1.60649 -0.280933 -0.00754814 3.03843 1.95248 1
0.11875 1.59345 -0.282564 -0.00768186 3.02848 1.93029 1
0.12125 1.57414 -0.281173 -0.0183947 3.01363 1.89755 1
0.12375 1.54749 -0.278414 -0.0441363 2.9933 1.85284 1
0.12625 1.53267 -0.27502 -0.0609261 2.9819 1.8281 1
0.12875 1.52693 -0.270327 -0.0644723 2.97746 1.81855 1
0.13125 1.52096 -0.269939 -0.0574514 2.97245 1.80839 1
0.13375 1.51796 -0.271483 -0.0435412 2.97046 1.80361 1
0.13625 1.52366 -0.273427 -0.0296335 2.97532 1.81335 1
0.13875 1.53712 -0.272524 -0.0191975 2.98611 1.83601 1
0.14125 1.55771 -0.272309 -0.0118109 3.0022 1.87062 1
0.14375 1.57967 -0.270866 -0.00013973 3.01908 1.90766 1
0.14625 1.5932 -0.270418 0.00805255 3.02933 1.93053 1
0.14875 1.59429 -0.271664 0.0129156 3.02993 1.93223 1
0.15125 1.5804 -0.271532 0.0215462 3.01936 1.90872 1
0.15375 1.54878 -0.271622 0.0230356 2.99499 1.85543 1
0.15625 1.50809 -0.272579 0.00926825 2.96308 1.78743 1
0.15875 1.48301 -0.272272 -0.00217963 2.94321 1.74592 1
0.16125 1.47756 -0.272707 -0.00790884 2.93885 1.73692 1
0.16375 1.48908 -0.272429 -0.0164895 2.94786 1.75584 1
0.16625 1.52188 -0.271601 -0.0343129 2.9737 1.81024 1
0.16875 1.55797 -0.269695 -0.0514417 3.00181 1.87069 1
0.17125 1.5781 -0.268771 -0.0549501 3.01739 1.9047 1
0.17375 1.58876 -0.268301 -0.0491936 3.02576 1.92288 1
0.17625 1.58929 -0.269924 -0.0369253 3.02637 1.92391 1
0.17875 1.58714 -0.270523 -0.0153886 3.02461 1.92019 1
0.18125 1.58402 -0.269904 0.00975382 3.02243 1.91504 1
0.18375 1.5766 -0.270998 0.0319887 3.01673 1.90247 1
0.18625 1.56531 -0.273162 0.0439524 3.00779 1.88325 1
0.18875 1.54566 -0.275253 0.0406104 2.99264 1.85024 1
0.19125 1.52204 -0.279225 0.0203255 2.97422 1.81076 1
0.19375 1.50802 -0.279819 -0.00128586 2.96314 1.7874 1
0.19625 1.51581 -0.280536 -0.0204864 2.96932 1.80037 1
0.19875 1.546 -0.282425 -0.0478661 2.99285 1.85079 1
0.20125 1.56874 -0.279261 -0.0577124 3.01044 1.88904 1
0.20375 1.58007 -0.277843 -0.0539704 3.01896 1.90806 1
0.20625 1.58173 -0.278722 -0.0488973 3.02013 1.91082 1
0.20875 1.5742 -0.27564 -0.0402821 3.01444 1.89813 1
0.21125 1.55728 -0.272436 -0.0264573 3.00154 1.86969 1
0.21375 1.53967 -0.273232 -0.0124435 2.98794 1.84018 1
0.21625 1.52361 -0.273771 -0.00246408 2.97553 1.81341 1
0.21875 1.50598 -0.277002 0.000604435 2.96166 1.78408 1
0.22125 1.49013 -0.280423 -0.00243125 2.94905 1.75779 1
0.22375 1.48327 -0.284223 -0.00759775 2.94375 1.74655 1
0.22625 1.49238 -0.286383 -0.0145793 2.95115 1.76169 1
0.22875 1.5208 -0.287366 -0.0281818 2.97348 1.80883 1
0.23125 1.55961 -0.283067 -0.0427145 3.00345 1.87368 1
0.23375 1.58744 -0.281042 -0.0393809 3.0246 1.92054 1
0.23625 1.59394 -0.278311 -0.0358403 3.02994 1.93182 1
0.23875 1.58402 -0.274269 -0.0315972 3.02236 1.915 1
0.24125 1.55694 -0.271519 -0.0271448 3.00133 1.86916 1
0.24375 1.52429 -0.270888 -0.025075 2.97616 1.81461 1
0.24625 1.50036 -0.269129 -0.020864 2.95748 1.77492 1
0.24875 1.49037 -0.270348 -0.0119316 2.94959 1.75839 1
0.25125 1.49406 -0.269338 -0.000208979 2.95266 1.76458 1
0.25375 1.50633 -0.267972 0.00785168 2.96217 1.7848 1
0.25625 1.52319 -0.270576 0.010891 2.97536 1.81282 1
0.25875 1.54376 -0.274242 0.00558264 2.99125 1.84711 1
0.26125 1.5574 -0.274884 0.00106642 3.00165 1.86991 1
0.26375 1.56025 -0.27746 0.00289909 3.00362 1.87457 1
0.26625 1.55352 -0.277981 0.00957107 2.99806 1.86302 1
0.26875 1.5367 -0.27909 0.0228737 2.98486 1.83473 1
0.27125 1.52571 -0.280769 0.028854 2.97639 1.81644 1
0.27375 1.52048 -0.281416 0.0207994 2.97224 1.80769 1
0.27625 1.52667 -0.281164 0.00532902 2.97705 1.81799 1
0.27875 1.54551 -0.277691 -0.0201817 2.99164 1.84944 1
0.28125 1.55655 -0.275001 -0.0330233 3.00018 1.86797 1
0.28375 1.56429 -0.273717 -0.0292325 3.00574 1.88074 1
0.28625 1.56073 -0.272528 -0.0164656 3.00352 1.87507 1
0.28875 1.55541 -0.274955 0.00395219 2.9995 1.86618 1
0.29125 1.5555 -0.277455 0.0259926 2.99984 1.8665 1
0.29375 1.55573 -0.275581 0.0418518 3.00011 1.86695 1
0.29625 1.54928 -0.275607 0.0520545 2.99517 1.85614 1
0.29875 1.53384 -0.275568 0.0491452 2.98282 1.83007 1
0.30125 1.51065 -0.273983 0.037345 2.96503 1.79165 1
0.30375 1.49837 -0.274515 0.0262416 2.95551 1.77138 1
0.30625 1.4996 -0.274078 0.0191808 2.95646 1.7734 1
0.30875 1.51539 -0.275518 0.00325523 2.96869 1.79949 1
0.31125 1.54008 -0.276342 -0.0209664 2.98846 1.84099 1
0.31375 1.54994 -0.276852 -0.0408631 2.99607 1.85749 1
0.31625 1.54686 -0.277066 -0.0522376 2.99371 1.85234 1
0.31875 1.54431 -0.278602 -0.0507998 2.99178 1.84809 1
0.32125 1.53556 -0.276541 -0.0396948 2.98516 1.83356 1
0.32375 1.53119 -0.274163 -0.0224212 2.98151 1.82611 1
0.32625 1.53202 -0.274424 -0.000804796 2.98198 1.82737 1
0.32875 1.53744 -0.274975 0.0232667 2.98634 1.83653 1
0.33125 1.54348 -0.275344 0.0436973 2.99086 1.84653 1
0.33375 1.54582 -0.279051 0.0539506 2.99256 1.85039 1
0.33625 1.54464 -0.280474 0.0442541 2.99165 1.84841 1
0.33875 1.53808 -0.28203 0.0075669 2.98627 1.83725 1
0.34125 1.5216 -0.284803 -0.036788 2.973 1.80949 1
0.34375 1.51225 -0.283953 -0.063521 2.96573 1.79397 1
0.34625 1.51139 -0.282448 -0.0694129 2.96513 1.79259 1
0.34875 1.50842 -0.279607 -0.0576875 2.96301 1.78779 1
0.35125 1.50738 -0.277425 -0.0366435 2.96267 1.78634 1
0.35375 1.5112 -0.274248 -0.0130379 2.96574 1.79273 1
0.35625 1.52016 -0.273503 0.00962236 2.97259 1.80752 1
0.35875 1.54039 -0.273927 0.0306953 2.98842 1.84133 1
0.36125 1.56787 -0.273824 0.049506 3.00931 1.88728 1
0.36375 1.5851 -0.27255 0.0525007 3.02218 1.91618 1
0.36625 1.5969 -0.274673 0.0478711 3.03104 1.93611 1
0.36875 1.58328 -0.276953 0.0364263 3.02086 1.91314 1
0.37125 1.5311 -0.276739 0.0103097 2.98098 1.82567 1
0.37375 1.48327 -0.278749 -0.00902711 2.94331 1.74629 1
0.37625 1.45993 -0.27854 -0.0134047 2.92485 1.70803 1
0.37875 1.4571 -0.277627 -0.0115127 2.92248 1.70334 1
0.38125 1.4804 -0.275673 -0.0189582 2.94093 1.74151 1
0.38375 1.52615 -0.27517 -0.0298843 2.97681 1.81722 1
0.38625 1.57861 -0.274218 -0.02547 3.0173 1.90525 1
0.38875 1.61153 -0.273481 -0.00740675 3.04228 1.96108 1
0.39125 1.6243 -0.275715 0.0119315 3.05167 1.98273 1
0.39375 1.61402 -0.278508 0.030953 3.04477 1.96573 1
0.39625 1.59074 -0.280222 0.0467998 3.02716 1.92617 1
0.39875 1.5571 -0.278493 0.0374145 3.00144 1.86942 1
0.40125 1.51658 -0.278984 0.0131968 2.96983 1.8016 1
0.40375 1.49724 -0.277398 -0.00352792 2.95457 1.76949 1
0.40625 1.49829 -0.274183 -0.00963794 2.95525 1.77113 1
0.40875 1.50758 -0.272102 -0.00793982 2.96267 1.78659 1
0.41125 1.51392 -0.269396 0.00128569 2.96762 1.79709 1
0.41375 1.51283 -0.269521 0.00760149 2.96673 1.79526 1
0.41625 1.50205 -0.270251 0.0104404 2.95841 1.77748 1
0.41875 1.49188 -0.274052 -0.00377946 2.95026 1.76057 1
0.42125 1.48927 -0.278928 -0.0176817 2.94824 1.75629 1
0.42375 1.49859 -0.282014 -0.0326487 2.95524 1.77148 1
0.42625 1.51191 -0.282531 -0.0413501 2.96555 1.79345 1
0.42875 1.52783 -0.282499 -0.039438 2.97803 1.81997 1
0.43125 1.5361 -0.282742 -0.0304068 2.98453 1.83382 1
0.43375 1.53842 -0.282417 -0.0172976 2.98625 1.83764 1
0.43625 1.53733 -0.279898 -0.0017006 2.98542 1.83583 1
0.43875 1.53471 -0.280303 0.0163359 2.98315 1.8313 1
0.44125 1.53155 -0.283625 0.0355513 2.98042 1.82587 1
0.44375 1.53268 -0.285133 0.0538371 2.98136 1.82779 1
0.44625 1.53613 -0.286327 0.0643556 2.98412 1.8336 1
0.44875 1.53702 -0.285263 0.0612535 2.98506 1.83523 1
0.45125 1.54567 -0.284543 0.0381147 2.99197 1.84984 1
0.45375 1.54489 -0.278338 -0.00310336 2.991 1.84831 1
0.45625 1.52657 -0.274356 -0.0372743 2.97691 1.81779 1
0.45875 1.51059 -0.2758 -0.0512336 2.96432 1.79114 1
0.46125 1.49988 -0.278957 -0.047319 2.95578 1.77333 1
0.46375 1.48649 -0.281353 -0.0323656 2.94506 1.75112 1
0.46625 1.48227 -0.284346 -0.0180829 2.94157 1.74408 1
0.46875 1.49408 -0.285292 -0.00936585 2.9509 1.76355 1
0.47125 1.51733 -0.281744 -0.0096473 2.96933 1.80218 1
0.47375 1.55197 -0.275113 -0.0163416 2.99602 1.85989 1
0.47625 1.5862 -0.26738 -0.0140548 3.02197 1.91738 1
0.47875 1.60434 -0.262914 -0.00589995 3.03549 1.94798 1
0.48125 1.6045 -0.262764 -0.00288008 3.03543 1.94814 1
0.48375 1.57849 -0.265557 0.005665 3.01562 1.90404 1
0.48625 1.53445 -0.272779 -0.00306319 2.98157 1.83004 1
0.48875 1.49344 -0.2796 -0.0175443 2.94936 1.76188 1
0.49125 1.47168 -0.283208 -0.0229869 2.93216 1.72608 1
0.49375 1.46212 -0.284565 -0.0202278 2.92443 1.71034 1
0.49625 1.46373 -0.283287 -0.0118944 2.92619 1.71326 1
0.49875 1.46671 -0.282276 -0.00330565 2.92863 1.71818 1
0.50125 1.46787 -0.281947 0.00316144 2.92956 1.72008 1
0.50375 1.46532 -0.282902 0.0113232 2.92746 1.71586 1
