-0.0075 1.569 -0.295197 -0.00432347 2.95415 1.82139 0.994572
-0.0025 1.59163 -0.295205 -0.003309 2.94159 1.82105 0.991397
0.0025 1.59136 -0.295209 -0.00330908 2.94175 1.82108 0.991437
0.0075 1.56883 -0.295206 -0.004319 2.95427 1.82143 0.994599
0.0125 1.55865 -0.295052 -0.00477915 2.96014 1.82169 0.996036
0.0175 1.55113 -0.294854 -0.00509535 2.96477 1.8221 0.997107
0.0225 1.54561 -0.294581 -0.00526089 2.96829 1.8225 0.997901
0.0275 1.54158 -0.294266 -0.00531923 2.97101 1.82291 0.998486
0.0325 1.53865 -0.293909 -0.00531014 2.97308 1.82328 0.998915
0.0375 1.53654 -0.29352 -0.00522291 2.97468 1.82362 0.999226
0.0425 1.53501 -0.293111 -0.00503196 2.97592 1.82393 0.999452
0.0475 1.53391 -0.29269 -0.00477499 2.97691 1.8242 0.999614
0.0525 1.53312 -0.292259 -0.00450338 2.97771 1.82445 0.99973
0.0575 1.53255 -0.291833 -0.00417719 2.9784 1.82469 0.999812
0.0625 1.53211 -0.291435 -0.00385003 2.97904 1.8249 0.99987
0.0675 1.53177 -0.291066 -0.00350038 2.97964 1.82511 0.999911
0.0725 1.53151 -0.290722 -0.0031409 2.98023 1.82533 0.999939
0.0775 1.5313 -0.290402 -0.00277803 2.98082 1.82556 0.999958
0.0825 1.53111 -0.290095 -0.00240841 2.98145 1.8258 0.999972
0.0875 1.53096 -0.289799 -0.00203456 2.98202 1.82603 0.999981
0.0925 1.53086 -0.289518 -0.0016509 2.98249 1.82623 0.999987
0.0975 1.53078 -0.289249 -0.00125531 2.98288 1.8264 0.999992
0.1025 1.53072 -0.288991 -0.000850182 2.98319 1.82654 0.999994
0.1075 1.53069 -0.28874 -0.000442079 2.98345 1.82668 0.999996
0.1125 1.5307 -0.288497 -3.14622e-05 2.98364 1.82681 0.999998
0.1175 1.53074 -0.288267 0.00038381 2.98378 1.82694 0.999998
0.1225 1.53081 -0.288052 0.000806987 2.98387 1.82709 0.999999
0.1275 1.53092 -0.287856 0.00124017 2.98392 1.82725 0.999999
0.1325 1.53107 -0.287686 0.00168662 2.98393 1.82744 1
0.1375 1.53128 -0.287551 0.00214777 2.98392 1.82769 1
0.1425 1.53156 -0.287453 0.0026247 2.98391 1.82801 1
0.1475 1.53189 -0.287392 0.00311937 2.98388 1.82839 1
0.1525 1.53227 -0.287363 0.00363749 2.98386 1.82883 1
0.1575 1.53267 -0.287358 0.00418173 2.98385 1.8293 1
0.1625 1.53309 -0.287374 0.00476518 2.98386 1.82981 1
0.1675 1.53352 -0.287395 0.00539593 2.98389 1.83034 1
0.1725 1.53392 -0.287377 0.00605523 2.98392 1.83083 1
0.1775 1.53423 -0.287308 0.00672728 2.98391 1.83121 1
0.1825 1.53447 -0.287183 0.00740863 2.98388 1.83147 1
0.1875 1.53463 -0.28701 0.00810576 2.98381 1.83162 1
0.1925 1.53473 -0.286803 0.00882737 2.98372 1.83168 1
0.1975 1.53478 -0.286578 0.00957585 2.98362 1.83167 1
0.2025 1.53479 -0.28634 0.0103467 2.98353 1.83163 1
0.2075 1.53477 -0.286095 0.0111403 2.98343 1.83155 1
0.2125 1.53473 -0.285856 0.0119441 2.98334 1.83145 1
0.2175 1.5347 -0.28563 0.0127563 2.98325 1.83135 1
0.2225 1.53466 -0.285414 0.0135775 2.98318 1.83127 1
0.2275 1.53464 -0.285213 0.0144072 2.98313 1.83121 1
0.2325 1.53463 -0.285023 0.0152475 2.98311 1.83119 1
0.2375 1.53464 -0.28484 0.0160975 2.98311 1.8312 1
0.2425 1.53468 -0.284664 0.0169647 2.98313 1.83126 1
0.2475 1.53473 -0.28449 0.01786 2.98317 1.83134 1
0.2525 1.5348 -0.284328 0.0187825 2.98322 1.83145 1
0.2575 1.53488 -0.284187 0.0197325 2.98328 1.8316 1
0.2625 1.53499 -0.284067 0.0207131 2.98336 1.83177 1
0.2675 1.53511 -0.283961 0.0217212 2.98345 1.83198 1
0.2725 1.53524 -0.28386 0.0227545 2.98354 1.83219 1
0.2775 1.53537 -0.283759 0.0238102 2.98362 1.83239 1
0.2825 1.5355 -0.283657 0.0248879 2.98369 1.83258 1
0.2875 1.53561 -0.283551 0.0259982 2.98373 1.83274 1
0.2925 1.53573 -0.283436 0.0271607 2.98377 1.83291 1
0.2975 1.53586 -0.283309 0.028371 2.98379 1.83308 1
0.3025 1.536 -0.283171 0.0296364 2.98378 1.83323 1
0.3075 1.53612 -0.283022 0.0309593 2.98376 1.83337 1
0.3125 1.53624 -0.282857 0.0323404 2.98371 1.83348 1
0.3175 1.53635 -0.282675 0.0337661 2.98365 1.83357 1
0.3225 1.53645 -0.282466 0.0352191 2.98358 1.83365 1
0.3275 1.53654 -0.282221 0.0366846 2.98351 1.83371 1
0.3325 1.53662 -0.281931 0.038161 2.98343 1.83375 1
0.3375 1.53668 -0.281594 0.0396575 2.98335 1.83378 1
0.3425 1.53671 -0.281207 0.0411852 2.98327 1.83377 1
0.3475 1.53673 -0.280765 0.0427638 2.98319 1.83374 1
0.3525 1.53671 -0.28027 0.0443945 2.98311 1.83367 1
0.3575 1.53668 -0.279726 0.0460823 2.98303 1.83358 1
0.3625 1.53662 -0.279146 0.0478342 2.98295 1.83346 1
0.3675 1.53655 -0.278557 0.0496593 2.98287 1.83334 1
0.3725 1.53648 -0.277981 0.051573 2.9828 1.8332 1
0.3775 1.5364 -0.277437 0.0535689 2.98272 1.83305 1
0.3825 1.53632 -0.276937 0.0556668 2.98263 1.8329 0.999999
0.3875 1.53624 -0.27648 0.0579065 2.98255 1.83276 0.999998
0.3925 1.53619 -0.276052 0.0603192 2.98246 1.83262 0.999997
0.3975 1.53614 -0.275634 0.0629049 2.98233 1.83247 0.999994
0.4025 1.5361 -0.275204 0.0656807 2.98218 1.8323 0.999989
0.4075 1.53606 -0.274736 0.0686624 2.98195 1.83205 0.999979
0.4125 1.536 -0.274218 0.0719058 2.98162 1.83167 0.999961
0.4175 1.53603 -0.273634 0.0755885 2.98118 1.83123 0.999928
0.4225 1.53622 -0.272944 0.0799999 2.98059 1.83074 0.999868
0.4275 1.53676 -0.272119 0.0855985 2.97979 1.83023 0.99976
0.4325 1.53788 -0.271117 0.0924681 2.97856 1.82965 0.999566
0.4375 1.54008 -0.270044 0.0985997 2.9767 1.82905 0.999224
0.4425 1.54411 -0.269017 0.103276 2.97382 1.82846 0.998626
0.4475 1.55119 -0.268046 0.106417 2.9692 1.82779 0.997593
0.4525 1.56338 -0.267165 0.108169 2.96171 1.82699 0.995836
0.4575 1.5839 -0.266375 0.108849 2.9497 1.82603 0.992902
0.4625 1.61775 -0.265659 0.108913 2.93095 1.82491 0.988096
0.4675 1.6722 -0.265047 0.108164 2.90277 1.8236 0.980398
0.4725 1.75744 -0.264662 0.105838 2.86254 1.8221 0.96838
0.4775 1.88685 -0.26457 0.101248 2.80856 1.8202 0.95015
0.4825 2.07738 -0.26508 0.0941367 2.74177 1.81809 0.923322
0.4875 2.34945 -0.26647 0.083918 2.66612 1.81615 0.885007
0.4925 2.72814 -0.268071 0.0723997 2.5867 1.81499 0.8318
0.4975 3.22996 -0.269453 0.0627475 2.51008 1.81372 0.761282
0.5025 3.70678 -0.270673 0.0549395 2.4565 1.81224 0.694094
0.5075 4.08262 -0.271872 0.0489477 2.42292 1.81084 0.641016
0.5125 4.34916 -0.273113 0.0447214 2.40265 1.80982 0.603307
0.5175 4.51288 -0.274394 0.0420876 2.39129 1.80927 0.580181
0.5225 4.5922 -0.275692 0.0407136 2.3858 1.80905 0.569081
0.5275 4.61456 -0.277009 0.0401761 2.38401 1.80895 0.566018
0.5325 4.60353 -0.278292 0.0400795 2.3843 1.80887 0.567657
0.5375 4.51459 -0.279556 0.0406621 2.38943 1.80873 0.580255
0.5425 4.27687 -0.280877 0.0429388 2.40597 1.80849 0.613478
0.5475 3.83553 -0.282239 0.047792 2.44158 1.8082 0.675374
0.5525 3.32746 -0.283218 0.0564293 2.49534 1.80791 0.746426
0.5575 2.94228 -0.283445 0.070394 2.54985 1.80768 0.800031
0.5625 2.67994 -0.283265 0.0866879 2.59526 1.806 0.836279
0.5675 2.52334 -0.283407 0.0983144 2.62652 1.80393 0.857745
0.5725 2.44697 -0.283965 0.105319 2.64269 1.80171 0.868026
0.5775 2.42279 -0.285065 0.108464 2.64654 1.79937 0.871135
0.5825 2.42382 -0.286528 0.109189 2.64438 1.79702 0.870741
0.5875 2.46415 -0.287951 0.108747 2.63649 1.79463 0.864277
0.5925 2.56768 -0.289218 0.106218 2.61731 1.79212 0.848536
0.5975 2.66323 -0.290275 0.101294 2.59906 1.78965 0.834268
0.6025 2.72276 -0.290858 0.0970164 2.58761 1.78742 0.825307
0.6075 2.75402 -0.291121 0.0940686 2.58074 1.7851 0.820479
0.6125 2.76595 -0.291293 0.0922627 2.57641 1.78251 0.818502
0.6175 2.76767 -0.291628 0.0914572 2.57283 1.77971 0.818111
0.6225 2.76022 -0.292242 0.0913909 2.57154 1.77689 0.818891
0.6275 2.73127 -0.293036 0.0921112 2.5754 1.77385 0.822426
0.6325 2.68959 -0.293852 0.0938368 2.582 1.77041 0.827627
0.6375 2.6626 -0.294411 0.0952597 2.58506 1.76669 0.830847
0.6425 2.65087 -0.294646 0.0958025 2.58354 1.76247 0.832076
0.6475 2.64885 -0.29479 0.095479 2.57865 1.75797 0.832124
0.6525 2.65629 -0.294927 0.0930553 2.57384 1.75341 0.830455
0.6575 2.68659 -0.295121 0.0868781 2.5664 1.74884 0.825203
0.6625 2.72826 -0.295612 0.076858 2.55737 1.74433 0.818254
0.6675 2.75605 -0.296606 0.063939 2.55056 1.74017 0.813449
0.6725 2.77206 -0.297959 0.0496667 2.54583 1.73657 0.810502
0.6775 2.78083 -0.299027 0.0352343 2.54289 1.73398 0.808777
0.6825 2.78568 -0.299635 0.0204948 2.54117 1.73225 0.807756
0.6875 2.78877 -0.300075 0.00459648 2.53997 1.73119 0.807138
0.6925 2.79169 -0.30027 -0.0129202 2.53889 1.73108 0.806797
0.6975 2.79394 -0.300322 -0.0309242 2.53989 1.73273 0.806677
0.7025 2.79519 -0.299739 -0.0481357 2.54174 1.73501 0.806746
0.7075 2.79446 -0.298703 -0.0638023 2.54346 1.7381 0.807419
0.7125 2.78757 -0.297341 -0.0770857 2.54656 1.74174 0.809075
0.7175 2.77345 -0.295732 -0.0877016 2.55119 1.74551 0.811745
0.7225 2.75167 -0.294092 -0.0957624 2.55795 1.74945 0.815412
0.7275 2.7221 -0.292547 -0.101634 2.56592 1.75341 0.82024
0.7325 2.68315 -0.291171 -0.105789 2.57458 1.75733 0.826605
0.7375 2.63439 -0.290026 -0.108608 2.58535 1.76118 0.834333
0.7425 2.59146 -0.289094 -0.110432 2.59561 1.76494 0.841126
0.7475 2.56207 -0.288184 -0.111503 2.60385 1.769 0.845965
0.7525 2.54698 -0.287012 -0.111873 2.60973 1.7729 0.848632
0.7575 2.543 -0.285643 -0.111768 2.61406 1.77648 0.849505
0.7625 2.54549 -0.284087 -0.111104 2.6171 1.7797 0.849358
0.7675 2.56471 -0.282407 -0.109444 2.61447 1.78257 0.847126
0.7725 2.61697 -0.280727 -0.106181 2.60274 1.78532 0.840637
0.7775 2.67722 -0.279555 -0.102434 2.5901 1.78735 0.832826
0.7825 2.71184 -0.279028 -0.099718 2.58379 1.78905 0.828358
0.7875 2.72281 -0.27931 -0.0982844 2.58279 1.79014 0.826914
0.7925 2.72017 -0.280113 -0.0978847 2.58511 1.79166 0.82735
0.7975 2.68955 -0.281134 -0.0980709 2.59103 1.79326 0.832048
0.8025 2.60081 -0.282452 -0.0991446 2.60706 1.7952 0.845262
0.8075 2.42604 -0.284129 -0.102229 2.64213 1.79725 0.870767
0.8125 2.18595 -0.285864 -0.108381 2.70181 1.7992 0.905172
0.8175 1.98424 -0.287022 -0.113683 2.76448 1.8013 0.933931
0.8225 1.83217 -0.287315 -0.117222 2.82093 1.8034 0.955659
0.8275 1.72266 -0.287218 -0.119536 2.86775 1.80522 0.97133
0.8325 1.64762 -0.286893 -0.120737 2.90357 1.8068 0.982095
0.8375 1.5991 -0.286382 -0.121074 2.9287 1.80815 0.989082
0.8425 1.57023 -0.285704 -0.120829 2.94477 1.80939 0.99327
0.8475 1.5553 -0.284745 -0.119321 2.95386 1.8105 0.995456
0.8525 1.54948 -0.283401 -0.115654 2.95821 1.81143 0.996312
0.8575 1.54857 -0.281621 -0.109156 2.95986 1.81216 0.996445
0.8625 1.55256 -0.279446 -0.0995547 2.95837 1.81262 0.995889
0.8675 1.569 -0.277287 -0.0896142 2.94947 1.81279 0.993599
0.8725 1.60744 -0.275406 -0.0812095 2.92919 1.81272 0.988189
0.8775 1.68119 -0.27374 -0.0741134 2.89286 1.81249 0.977791
0.8825 1.80832 -0.272304 -0.0681916 2.83724 1.81206 0.959845
0.8875 2.01254 -0.271076 -0.0633774 2.76293 1.81155 0.930995
0.8925 2.32341 -0.269855 -0.0595499 2.67512 1.81138 0.88715
0.8975 2.77389 -0.26866 -0.0565862 2.58325 1.81194 0.823732
0.9025 3.39706 -0.267543 -0.054387 2.4962 1.81274 0.736103
0.9075 4.21943 -0.266665 -0.0528047 2.41999 1.81331 0.620594
0.9125 5.09823 -0.265998 -0.0516509 2.36322 1.81363 0.49796
0.9175 5.85922 -0.26554 -0.0507482 2.32709 1.81354 0.391905
0.9225 6.49632 -0.265279 -0.0500395 2.30316 1.81312 0.303005
0.9275 7.01914 -0.264935 -0.0494941 2.28657 1.81302 0.230252
0.9325 7.44072 -0.264287 -0.0489745 2.27483 1.81362 0.17204
0.9375 7.7729 -0.263433 -0.0483628 2.26701 1.81503 0.126523
0.9425 8.02834 -0.26211 -0.0477432 2.26127 1.81642 0.0918684
0.9475 8.21251 -0.261033 -0.0468731 2.25749 1.81669 0.0663457
0.9525 8.34052 -0.260213 -0.045839 2.25483 1.81644 0.0483755
0.9575 8.42954 -0.259694 -0.044498 2.25277 1.81697 0.0365166
0.9625 8.49296 -0.259486 -0.04294 2.25168 1.8196 0.0294416
0.9675 8.54208 -0.259592 -0.0411918 2.25073 1.82427 0.0258986
0.9725 8.59081 -0.260284 -0.0388341 2.25029 1.83259 0.0246944
0.9775 8.61745 -0.261176 -0.0364667 2.25392 1.84126 0.0247039
0.9825 8.61288 -0.261533 -0.0348537 2.25745 1.84588 0.0265905
0.9875 8.57555 -0.261382 -0.0338394 2.25886 1.84774 0.032603
0.9925 8.475 -0.261017 -0.0333988 2.26277 1.84755 0.0451981
0.9975 8.2979 -0.260424 -0.0338239 2.26616 1.84373 0.0670819
1.0025 8.01317 -0.259419 -0.0355484 2.27065 1.83476 0.10128
1.0075 7.62288 -0.259043 -0.0374324 2.27804 1.82699 0.151206
1.0125 7.10957 -0.259572 -0.0387648 2.29013 1.82298 0.220687
1.0175 6.44314 -0.260564 -0.0395006 2.30943 1.82276 0.313747
1.0225 5.60103 -0.261994 -0.0393513 2.34137 1.82653 0.432938
1.0275 4.7814 -0.265105 -0.0359618 2.3858 1.84257 0.552745
1.0325 4.07055 -0.269208 -0.0309696 2.44313 1.86253 0.655938
1.0375 3.45686 -0.272188 -0.0290625 2.50785 1.8722 0.741837
1.0425 2.95716 -0.275709 -0.0294005 2.57968 1.87928 0.811059
1.0475 2.56436 -0.279004 -0.0311991 2.65475 1.88411 0.865106
1.0525 2.26046 -0.280734 -0.0342766 2.72675 1.88155 0.905988
1.0575 2.03132 -0.280308 -0.0375937 2.79023 1.87166 0.935991
1.0625 1.86165 -0.277897 -0.0404112 2.841 1.85474 0.957397
1.0675 1.74081 -0.274727 -0.0421903 2.87858 1.83631 0.972266
1.0725 1.66032 -0.272863 -0.043586 2.90669 1.82401 0.982328
1.0775 1.60971 -0.272535 -0.0450922 2.92821 1.81919 0.988969
1.0825 1.58039 -0.273358 -0.0480048 2.94523 1.82125 0.993248
1.0875 1.56706 -0.275229 -0.053611 2.95922 1.83039 0.995944
1.0925 1.56199 -0.277599 -0.0599204 2.97089 1.84166 0.997607
1.0975 1.55966 -0.27898 -0.0640085 2.97912 1.8501 0.998614
1.1025 1.55793 -0.279495 -0.0658855 2.98451 1.85503 0.999211
1.1075 1.55585 -0.279371 -0.0665692 2.98727 1.85639 0.999559
1.1125 1.5527 -0.278807 -0.0664549 2.98757 1.85403 0.999758
1.1175 1.54883 -0.278038 -0.066042 2.98632 1.84933 0.999869
1.1225 1.54461 -0.277196 -0.0654636 2.98416 1.84333 0.999931
1.1275 1.54011 -0.276393 -0.064601 2.98139 1.83645 0.999964
1.1325 1.5354 -0.27563 -0.0636413 2.97824 1.82901 0.999981
1.1375 1.5308 -0.27485 -0.0628354 2.97499 1.82159 0.999991
1.1425 1.52629 -0.274097 -0.062229 2.97171 1.81425 0.999995
1.1475 1.52216 -0.27331 -0.0616717 2.96867 1.8075 0.999998
1.1525 1.51865 -0.272588 -0.0610853 2.96606 1.80176 0.999999
1.1575 1.51613 -0.272202 -0.060037 2.96421 1.79765 0.999999
1.1625 1.51539 -0.272317 -0.0580798 2.96368 1.79645 1
1.1675 1.51709 -0.272924 -0.0543956 2.96503 1.79929 1
1.1725 1.52148 -0.274111 -0.0486051 2.96843 1.80656 1
1.1775 1.52754 -0.27568 -0.0409051 2.97309 1.81661 1
1.1825 1.53428 -0.277318 -0.0320864 2.97827 1.8278 1
1.1875 1.54111 -0.278751 -0.0232214 2.98355 1.83919 1
1.1925 1.54693 -0.279796 -0.0151316 2.9881 1.84896 1
1.1975 1.55166 -0.280455 -0.00789942 2.99186 1.85695 1
1.2025 1.55525 -0.28092 -0.00157361 2.99478 1.86305 1
1.2075 1.55786 -0.281237 0.00391553 2.99696 1.86753 1
1.2125 1.55959 -0.281415 0.00868227 2.99849 1.87057 1
1.2175 1.56049 -0.281511 0.0129018 2.99938 1.8722 1
1.2225 1.56074 -0.281478 0.0164896 2.99977 1.87275 1
1.2275 1.56046 -0.281263 0.0194804 2.99973 1.87238 1
1.2325 1.55965 -0.280849 0.0219897 2.99928 1.87113 1
1.2375 1.55834 -0.280338 0.0239874 2.99847 1.86906 1
1.2425 1.55661 -0.27971 0.0254343 2.99732 1.86626 1
1.2475 1.55452 -0.2791 0.0262624 2.9959 1.86288 1
1.2525 1.55204 -0.27847 0.026456 2.99417 1.85883 1
1.2575 1.54906 -0.277839 0.0259087 2.99208 1.85397 1
1.2625 1.54575 -0.277207 0.0246251 2.98979 1.84859 1
1.2675 1.54251 -0.276681 0.0229118 2.98752 1.84332 1
1.2725 1.53976 -0.276326 0.0212028 2.98558 1.83883 1
1.2775 1.53744 -0.27596 0.0196876 2.98386 1.835 1
1.2825 1.5355 -0.275606 0.0183188 2.9824 1.83179 1
1.2875 1.53391 -0.27529 0.0171334 2.98118 1.82914 1
1.2925 1.53248 -0.274893 0.0161121 2.98008 1.82676 1
1.2975 1.53111 -0.274342 0.0153557 2.97902 1.82449 1
1.3025 1.52991 -0.273631 0.0147822 2.97807 1.82247 1
1.3075 1.52878 -0.27282 0.0142597 2.97717 1.82057 1
1.3125 1.52752 -0.271783 0.013586 2.97613 1.81843 1
1.3175 1.52632 -0.27081 0.0127931 2.97508 1.81637 1
1.3225 1.52544 -0.270363 0.0118686 2.97422 1.8148 1
1.3275 1.5256 -0.27011 0.0105052 2.97415 1.81494 1
1.3325 1.52673 -0.270028 0.00863651 2.9748 1.81669 1
1.3375 1.52915 -0.270033 0.00589431 2.97655 1.82064 1
1.3425 1.53324 -0.270358 0.00231058 2.97967 1.82741 1
1.3475 1.53897 -0.271132 -0.00182285 2.9842 1.83704 1
1.3525 1.54495 -0.271906 -0.00671268 2.98899 1.84714 1
1.3575 1.55012 -0.272687 -0.012179 2.99325 1.85596 1
1.3625 1.55506 -0.27311 -0.0164798 2.99737 1.86444 1
1.3675 1.55918 -0.273515 -0.0194547 3.00091 1.87158 1
1.3725 1.5621 -0.273774 -0.0211423 3.00354 1.87673 1
1.3775 1.56348 -0.274199 -0.0213846 3.00496 1.87928 1
1.3825 1.56348 -0.274475 -0.0201821 3.00531 1.8795 1
1.3875 1.56187 -0.274056 -0.0177048 3.00433 1.87695 1
1.3925 1.55894 -0.273419 -0.01429 3.00227 1.87215 1
1.3975 1.55586 -0.272893 -0.0100878 2.99982 1.86692 1
1.4025 1.55302 -0.272695 -0.00547544 2.99747 1.86205 1
1.4075 1.5488 -0.27261 -0.000289058 2.99397 1.85482 1
1.4125 1.54347 -0.272315 0.00566255 2.98951 1.84569 1
1.4175 1.5376 -0.272332 0.0114173 2.98455 1.83561 1
1.4225 1.53195 -0.272491 0.0160605 2.97978 1.82595 1
1.4275 1.5254 -0.273003 0.0198558 2.97443 1.81487 1
1.4325 1.51862 -0.274012 0.0226756 2.96899 1.80351 1
1.4375 1.51152 -0.275335 0.0243606 2.96337 1.79168 1
1.4425 1.50409 -0.276841 0.024359 2.95749 1.77933 1
1.4475 1.49671 -0.278723 0.0222825 2.95168 1.76713 1
1.4525 1.4903 -0.280673 0.0180085 2.94665 1.75656 1
1.4575 1.48523 -0.282424 0.012247 2.9427 1.74824 1
1.4625 1.48216 -0.283745 0.00604272 2.94033 1.74322 1
1.4675 1.48054 -0.284492 -0.00025973 2.93913 1.7406 1
1.4725 1.48067 -0.284921 -0.00572796 2.93931 1.74087 1
1.4775 1.48197 -0.285165 -0.0105229 2.94041 1.74303 1
1.4825 1.48374 -0.28502 -0.0145461 2.94187 1.74599 1
1.4875 1.48584 -0.284293 -0.017327 2.94363 1.74951 1
1.4925 1.4884 -0.283228 -0.0189211 2.94585 1.75384 1
1.4975 1.49156 -0.282325 -0.0194853 2.94864 1.75923 1
1.5025 1.49519 -0.281628 -0.0194615 2.95181 1.76541 1
1.5075 1.49905 -0.28086 -0.0180957 2.95509 1.77193 1
1.5125 1.50336 -0.279689 -0.0161535 2.95861 1.77915 1
1.5175 1.50723 -0.278359 -0.0136987 2.96167 1.78556 1
1.5225 1.51054 -0.276738 -0.0113396 2.96423 1.79103 1
1.5275 1.51356 -0.27495 -0.00888445 2.96656 1.79603 1
1.5325 1.51644 -0.273394 -0.00625807 2.96888 1.80085 1
1.5375 1.51895 -0.272242 -0.00369271 2.97103 1.80514 1
1.5425 1.52102 -0.27124 -0.00165069 2.97287 1.80872 1
1.5475 1.52294 -0.270309 9.02624e-05 2.97452 1.812 1
1.5525 1.52523 -0.269446 0.00152027 2.97643 1.8159 1
1.5575 1.52781 -0.268986 0.00196561 2.97855 1.82026 1
1.5625 1.53069 -0.268578 0.00202878 2.98089 1.82513 1
1.5675 1.5335 -0.268046 0.00200342 2.9831 1.82984 1
1.5725 1.53614 -0.267744 0.00191681 2.98509 1.8342 1
1.5775 1.53852 -0.267397 0.00189164 2.98682 1.83811 1
1.5825 1.54125 -0.267039 0.00242222 2.98876 1.84257 1
1.5875 1.54564 -0.266879 0.00223132 2.99194 1.84979 1
1.5925 1.55097 -0.266705 0.0023473 2.99583 1.85858 1
1.5975 1.55497 -0.267333 0.0032524 2.9987 1.86516 1
1.6025 1.55689 -0.268661 0.00539081 3.00008 1.86832 1
1.6075 1.55907 -0.269811 0.00641527 3.00182 1.87201 1
1.6125 1.56154 -0.270355 0.00654283 3.00393 1.87631 1
1.6175 1.56122 -0.270802 0.0056717 3.00401 1.87596 1
1.6225 1.55895 -0.272153 0.00407097 3.00264 1.87238 1
1.6275 1.55569 -0.273548 0.00181341 3.0005 1.86714 1
1.6325 1.55199 -0.27463 -0.000476905 2.99796 1.86112 1
1.6375 1.54886 -0.275585 -0.00261623 2.99582 1.85604 1
1.6425 1.54638 -0.276416 -0.00429537 2.99414 1.85203 1
1.6475 1.54483 -0.276836 -0.00511196 2.99315 1.84956 1
1.6525 1.54407 -0.277064 -0.00491926 2.99271 1.84838 1
1.6575 1.54358 -0.277295 -0.00446975 2.9924 1.8476 1
1.6625 1.54284 -0.277512 -0.00478849 2.99182 1.84636 1
1.6675 1.54175 -0.277724 -0.00595863 2.99092 1.8445 1
1.6725 1.54048 -0.278014 -0.00791888 2.98979 1.84228 1
1.6775 1.53913 -0.278207 -0.0103799 2.98851 1.83988 1
1.6825 1.5381 -0.27807 -0.0130106 2.98744 1.83799 1
1.6875 1.53731 -0.277318 -0.0158297 2.98653 1.83649 1
1.6925 1.53832 -0.275966 -0.0186497 2.98699 1.83797 1
1.6975 1.54062 -0.274434 -0.0218369 2.98845 1.84163 1
1.7025 1.54312 -0.273349 -0.0250921 2.9901 1.84563 1
1.7075 1.5455 -0.272667 -0.0288903 2.99174 1.84949 1
1.7125 1.54773 -0.272531 -0.0336608 2.99339 1.85319 1
1.7175 1.55056 -0.272961 -0.0389489 2.99559 1.85793 1
1.7225 1.55395 -0.273493 -0.0449898 2.99827 1.86367 1
1.7275 1.55786 -0.27322 -0.0512011 3.00142 1.87032 1
1.7325 1.56182 -0.272965 -0.0571643 3.00468 1.8771 1
1.7375 1.56581 -0.272811 -0.0629972 3.00802 1.884 1
1.7425 1.56971 -0.272904 -0.0687667 3.01131 1.89076 1
1.7475 1.57339 -0.273079 -0.0745644 3.01438 1.89712 1
1.7525 1.57665 -0.273505 -0.0788396 3.01709 1.90276 1
1.7575 1.57938 -0.273806 -0.0809552 3.01919 1.90738 1
1.7625 1.58092 -0.273903 -0.0812358 3.0203 1.90994 1
1.7675 1.58097 -0.274003 -0.0805849 3.02028 1.90998 1
1.7725 1.58051 -0.273723 -0.0786807 3.01987 1.90918 1
1.7775 1.58047 -0.273041 -0.0757505 3.01981 1.90909 1
1.7825 1.58067 -0.272487 -0.0722942 3.01995 1.90941 1
1.7875 1.5811 -0.27258 -0.0684836 3.02026 1.91013 1
1.7925 1.58195 -0.273444 -0.0641938 3.02088 1.91155 1
1.7975 1.58262 -0.274778 -0.0590894 3.02139 1.91269 1
1.8025 1.5817 -0.27613 -0.0522617 3.0207 1.91114 1
1.8075 1.57947 -0.276613 -0.0435995 3.01901 1.90737 1
1.8125 1.57537 -0.276317 -0.0333411 3.01589 1.90046 1
1.8175 1.56774 -0.275727 -0.0220759 3.01009 1.88761 1
1.8225 1.55727 -0.276078 -0.0103589 3.00204 1.87 1
1.8275 1.54677 -0.277746 0.000869785 2.99382 1.8523 1
1.8325 1.53809 -0.27896 0.00975356 2.98694 1.83768 1
1.8375 1.53154 -0.279801 0.0169052 2.98169 1.82663 1
1.8425 1.52673 -0.280222 0.0224836 2.97785 1.81855 1
1.8475 1.52273 -0.280296 0.0262287 2.97472 1.81189 1
1.8525 1.51871 -0.280148 0.0276763 2.97164 1.80522 1
1.8575 1.51456 -0.280205 0.0270384 2.96847 1.79837 1
1.8625 1.51004 -0.280334 0.0243812 2.96498 1.7909 1
1.8675 1.50549 -0.280815 0.0200457 2.96135 1.78331 1
1.8725 1.5007 -0.281506 0.0140279 2.95744 1.77529 1
1.8775 1.49552 -0.282419 0.00683651 2.95317 1.76661 1
1.8825 1.49038 -0.283175 -0.000288307 2.94894 1.75802 1
1.8875 1.48581 -0.28386 -0.00753433 2.94517 1.75039 1
1.8925 1.48227 -0.28429 -0.0147673 2.94223 1.74447 1
1.8975 1.48045 -0.284455 -0.021247 2.9407 1.74142 1
1.9025 1.48078 -0.284338 -0.0264916 2.94092 1.74194 1
1.9075 1.48316 -0.28403 -0.030114 2.9428 1.74586 1
1.9125 1.48683 -0.283631 -0.0317498 2.94572 1.75192 1
1.9175 1.49127 -0.283196 -0.031492 2.94925 1.75925 1
1.9225 1.49627 -0.282555 -0.0304924 2.95325 1.76755 1
1.9275 1.50119 -0.281735 -0.0294753 2.95721 1.77573 1
1.9325 1.50569 -0.280787 -0.0281245 2.96087 1.78327 1
1.9375 1.50981 -0.279568 -0.0263779 2.96426 1.79018 1
1.9425 1.51323 -0.277972 -0.0247668 2.96712 1.79598 1
1.9475 1.51568 -0.276246 -0.0235874 2.96923 1.80017 1
1.9525 1.51681 -0.274665 -0.0228615 2.97026 1.80212 1
1.9575 1.51674 -0.273069 -0.0226649 2.97041 1.80214 1
1.9625 1.51577 -0.271598 -0.022722 2.96976 1.80059 1
1.9675 1.51377 -0.270479 -0.0232668 2.9683 1.79733 1
1.9725 1.51084 -0.269674 -0.0237416 2.96605 1.79249 1
1.9775 1.50765 -0.269094 -0.0236703 2.96355 1.7872 1
1.9825 1.50445 -0.268697 -0.0231524 2.96098 1.78187 1
1.9875 1.50164 -0.268717 -0.0222565 2.95864 1.77713 1
1.9925 1.50036 -0.269129 -0.020864 2.95748 1.77492 1
1.9975 1.50087 -0.269462 -0.0190293 2.95774 1.77567 1
2.0025 1.50301 -0.269817 -0.0168781 2.95932 1.77916 1
2.0075 1.50624 -0.270085 -0.0147905 2.96181 1.78448 1
2.0125 1.51034 -0.270231 -0.0127594 2.96503 1.79128 1
2.0175 1.5153 -0.270568 -0.0108491 2.96892 1.79953 1
2.0225 1.52151 -0.271226 -0.00870141 2.97369 1.8098 1
2.0275 1.52892 -0.2718 -0.00667876 2.97932 1.82206 1
2.0325 1.53793 -0.272037 -0.00465106 2.98616 1.837 1
2.0375 1.54774 -0.27212 -0.00392152 2.99363 1.85335 1
2.0425 1.55725 -0.273213 -0.00482315 3.00088 1.86924 1
2.0475 1.56882 -0.274244 -0.00656127 3.00976 1.88871 1
2.0525 1.58079 -0.274602 -0.00773805 3.0189 1.90889 1
2.0575 1.59166 -0.273994 -0.00883088 3.02717 1.92729 1
2.0625 1.60231 -0.271879 -0.00760811 3.03518 1.94532 1
2.0675 1.61356 -0.269147 -0.00601427 3.04363 1.96443 1
2.0725 1.62351 -0.267638 -0.00378113 3.0511 1.98139 1
2.0775 1.63199 -0.26724 -0.00158426 3.05744 1.99588 1
2.0825 1.63747 -0.267742 0.000205429 3.06155 2.00528 1
2.0875 1.63886 -0.269133 0.00105246 3.06264 2.00769 1
2.0925 1.63713 -0.271061 0.000777358 3.0614 2.00476 1
2.0975 1.63104 -0.27298 -0.00196987 3.05687 1.99436 1
2.1025 1.62031 -0.274131 -0.00599757 3.04884 1.97603 1
2.1075 1.60625 -0.274907 -0.0105939 3.03831 1.95212 1
2.1125 1.59035 -0.276181 -0.0157836 3.02628 1.92514 1
2.1175 1.57347 -0.278526 -0.0220709 3.01329 1.89653 1
2.1225 1.55628 -0.280502 -0.0270388 2.9999 1.86747 1
2.1275 1.54135 -0.281231 -0.0305556 2.98815 1.84231 1
2.1325 1.5301 -0.281474 -0.0326359 2.9792 1.82338 1
2.1375 1.52256 -0.281601 -0.0329451 2.9731 1.81069 1
2.1425 1.51807 -0.281123 -0.0318734 2.9694 1.8031 1
2.1475 1.51594 -0.279944 -0.0294877 2.96756 1.79946 1
2.1525 1.51512 -0.278701 -0.0263189 2.96682 1.79803 1
2.1575 1.51542 -0.277224 -0.0224927 2.96704 1.79852 1
2.1625 1.51647 -0.27595 -0.0184824 2.96794 1.80031 1
2.1675 1.51743 -0.274965 -0.0144123 2.96884 1.802 1
2.1725 1.51807 -0.274163 -0.0102842 2.96958 1.80322 1
2.1775 1.51842 -0.273507 -0.00628716 2.9701 1.80394 1
2.1825 1.51845 -0.272883 -0.00281706 2.97032 1.80411 1
2.1875 1.51803 -0.272264 0.000227675 2.97011 1.80349 1
2.1925 1.51713 -0.271748 0.00290456 2.96945 1.80201 1
2.1975 1.51634 -0.271506 0.00546716 2.96877 1.80066 1
2.2025 1.51586 -0.271551 0.00801559 2.96828 1.7998 1
2.2075 1.51585 -0.271728 0.0103956 2.96811 1.79968 1
2.2125 1.51611 -0.271821 0.0124867 2.96812 1.8 1
2.2175 1.51651 -0.27168 0.0143796 2.9683 1.80058 1
2.2225 1.51722 -0.271476 0.01637 2.96878 1.80171 1
2.2275 1.51807 -0.271469 0.0180347 2.9694 1.8031 1
2.2325 1.51908 -0.271843 0.0194232 2.97021 1.80479 1
2.2375 1.52099 -0.272294 0.020878 2.97178 1.80802 1
2.2425 1.52312 -0.272659 0.0222916 2.9736 1.81166 1
2.2475 1.52466 -0.273138 0.0238966 2.97498 1.81434 1
2.2525 1.52586 -0.273288 0.0246672 2.97605 1.81642 1
2.2575 1.5267 -0.273599 0.0241571 2.97678 1.81786 1
2.2625 1.52679 -0.274098 0.0220831 2.97688 1.81802 1
2.2675 1.52575 -0.274814 0.0184467 2.97611 1.81631 1
2.2725 1.52386 -0.27566 0.0134602 2.97469 1.81321 1
2.2775 1.52205 -0.276526 0.00774653 2.97336 1.81024 1
2.2825 1.52092 -0.277201 0.00175006 2.97256 1.80841 1
2.2875 1.52054 -0.277736 -0.00407215 2.97234 1.80783 1
2.2925 1.52138 -0.277976 -0.00916554 2.97298 1.80921 1
2.2975 1.5234 -0.277904 -0.0132789 2.97443 1.8125 1
2.3025 1.52621 -0.277865 -0.0164261 2.9764 1.81704 1
2.3075 1.52936 -0.277999 -0.0184882 2.97862 1.82216 1
2.3125 1.53304 -0.278236 -0.0195797 2.98122 1.82814 1
2.3175 1.53595 -0.278619 -0.0193899 2.98324 1.83285 1
2.3225 1.53859 -0.278666 -0.0182168 2.98509 1.83713 1
2.3275 1.54085 -0.278172 -0.0163489 2.98667 1.8408 1
2.3325 1.54307 -0.277176 -0.0138885 2.98823 1.84443 1
2.3375 1.54527 -0.275906 -0.0109729 2.98974 1.84798 1
2.3425 1.54689 -0.27462 -0.0079425 2.99075 1.85054 1
2.3475 1.5479 -0.273415 -0.00479274 2.99129 1.85208 1
2.3525 1.54829 -0.272515 -0.00162512 2.99145 1.85265 1
2.3575 1.54791 -0.272079 0.00149453 2.99109 1.85198 1
2.3625 1.54659 -0.27166 0.00467683 2.99013 1.8498 1
2.3675 1.54458 -0.271223 0.00770585 2.98878 1.84656 1
2.3725 1.54204 -0.270745 0.0100118 2.98713 1.84251 1
2.3775 1.53898 -0.270517 0.0111155 2.98518 1.83765 1
2.3825 1.53578 -0.2704 0.0115886 2.98309 1.83255 1
2.3875 1.5326 -0.270061 0.0115068 2.98097 1.82746 1
2.3925 1.52999 -0.26973 0.0106136 2.97918 1.82325 1
2.3975 1.52847 -0.269407 0.0091638 2.9781 1.82078 1
2.4025 1.52769 -0.269214 0.00703605 2.97751 1.81948 1
2.4075 1.52744 -0.268863 0.00432696 2.9773 1.81906 1
2.4125 1.52719 -0.268473 0.000998175 2.97709 1.81863 1
2.4175 1.52677 -0.268177 -0.00274664 2.97678 1.81794 1
2.4225 1.52587 -0.268223 -0.00671776 2.97613 1.81648 1
2.4275 1.52463 -0.268352 -0.0109388 2.97523 1.81444 1
2.4325 1.52324 -0.268357 -0.0147244 2.97425 1.8122 1
2.4375 1.52215 -0.268366 -0.017639 2.97351 1.81045 1
2.4425 1.52054 -0.268396 -0.0202074 2.97235 1.80783 1
2.4475 1.51842 -0.268417 -0.0226487 2.97072 1.80432 1
2.4525 1.51642 -0.268626 -0.0249183 2.96914 1.80098 1
2.4575 1.51425 -0.268994 -0.0265595 2.96741 1.79736 1
2.4625 1.51106 -0.269348 -0.0268486 2.96486 1.79203 1
2.4675 1.50606 -0.270117 -0.0256699 2.96087 1.7837 1
2.4725 1.49976 -0.271274 -0.0232198 2.95585 1.77322 1
2.4775 1.49412 -0.272239 -0.0207798 2.95133 1.76386 1
2.4825 1.48942 -0.272857 -0.0186695 2.94752 1.75604 1
2.4875 1.48574 -0.273239 -0.0172519 2.9445 1.7499 1
2.4925 1.48327 -0.273374 -0.0165848 2.94243 1.74577 1
2.4975 1.48225 -0.273605 -0.0164279 2.9415 1.74401 1
2.5025 1.48251 -0.273979 -0.0165531 2.94159 1.74438 1
2.5075 1.48389 -0.274268 -0.0169265 2.9426 1.7466 1
2.5125 1.48613 -0.274326 -0.0177281 2.94431 1.75025 1
2.5175 1.48922 -0.274146 -0.0190444 2.94676 1.75535 1
2.5225 1.49321 -0.273698 -0.0208091 2.94997 1.76197 1
2.5275 1.49825 -0.273227 -0.022574 2.95405 1.77037 1
2.5325 1.50386 -0.273046 -0.0240174 2.95859 1.77972 1
2.5375 1.51012 -0.27331 -0.0252621 2.96364 1.79018 1
2.5425 1.51705 -0.273902 -0.0266099 2.9692 1.80177 1
2.5475 1.52406 -0.274712 -0.0280124 2.97477 1.81349 1
2.5525 1.53076 -0.27539 -0.0290572 2.98001 1.82468 1
2.5575 1.53715 -0.275648 -0.0298534 2.98495 1.83532 1
2.5625 1.54288 -0.275419 -0.0304984 2.98934 1.84487 1
2.5675 1.54814 -0.274895 -0.031396 2.99334 1.85365 1
2.5725 1.5526 -0.273882 -0.0321889 2.99674 1.8611 1
2.5775 1.55579 -0.273028 -0.0324915 2.99927 1.86649 1
2.5825 1.55829 -0.27259 -0.0327681 3.0013 1.87076 1
2.5875 1.55995 -0.272347 -0.0329687 3.00259 1.87356 1
2.5925 1.56005 -0.272299 -0.0324845 3.00261 1.87368 1
2.5975 1.55974 -0.272156 -0.0322692 3.00237 1.87317 1
2.6025 1.55928 -0.271918 -0.031654 3.00205 1.87242 1
2.6075 1.55857 -0.2715 -0.0301586 3.00158 1.87127 1
2.6125 1.55733 -0.271234 -0.0277764 3.0007 1.86923 1
2.6175 1.55635 -0.271403 -0.0248418 2.99997 1.8676 1
2.6225 1.55584 -0.271361 -0.021753 2.99956 1.86674 1
2.6275 1.55542 -0.27131 -0.018816 2.99921 1.86601 1
2.6325 1.55491 -0.271239 -0.0160858 2.99876 1.86512 1
2.6375 1.5543 -0.271029 -0.0134633 2.99823 1.86406 1
2.6425 1.55371 -0.27085 -0.0110475 2.9977 1.86303 1
2.6475 1.55331 -0.270739 -0.00895844 2.99733 1.86231 1
2.6525 1.55302 -0.270746 -0.00716007 2.99712 1.86183 1
2.6575 1.55264 -0.27065 -0.00596338 2.99689 1.86123 1
2.6625 1.55215 -0.270356 -0.00527557 2.99661 1.86048 1
2.6675 1.55182 -0.269951 -0.00468926 2.99648 1.86 1
2.6725 1.55145 -0.269627 -0.00381131 2.99635 1.85947 1
2.6775 1.55131 -0.269322 -0.00253695 2.99636 1.85931 1
2.6825 1.55141 -0.269187 -0.000348981 2.99648 1.85951 1
2.6875 1.55159 -0.269096 0.00255562 2.99658 1.85979 1
2.6925 1.55137 -0.268931 0.00609208 2.99633 1.85936 1
2.6975 1.55056 -0.268574 0.0101616 2.99561 1.85795 1
2.7025 1.5497 -0.26833 0.0145335 2.9949 1.85648 1
2.7075 1.5492 -0.268397 0.0185715 2.99448 1.85562 1
2.7125 1.54878 -0.268879 0.0223278 2.99416 1.85492 1
2.7175 1.54813 -0.269572 0.0259734 2.9937 1.85385 1
2.7225 1.54718 -0.270297 0.0296216 2.99304 1.85231 1
2.7275 1.54642 -0.271148 0.032521 2.99249 1.85106 1
2.7325 1.54582 -0.271901 0.0346259 2.992 1.85003 1
2.7375 1.54509 -0.272512 0.0362187 2.99134 1.84876 1
2.7425 1.54413 -0.272909 0.0375735 2.99046 1.84706 1
2.7475 1.54294 -0.27305 0.0388004 2.98943 1.845 1
2.7525 1.54171 -0.272943 0.0399888 2.98844 1.84293 1
2.7575 1.54085 -0.272665 0.0410057 2.98778 1.84148 1
2.7625 1.54041 -0.272401 0.0418717 2.98747 1.84077 1
2.7675 1.54029 -0.272168 0.0422491 2.98745 1.84062 1
2.7725 1.54018 -0.272088 0.0427563 2.98744 1.84048 1
2.7775 1.53984 -0.272162 0.0432046 2.98724 1.83994 1
2.7825 1.53908 -0.272256 0.0434786 2.98669 1.8387 1
2.7875 1.53798 -0.272343 0.0435159 2.98583 1.83685 1
2.7925 1.53677 -0.272332 0.0432325 2.98485 1.83481 1
2.7975 1.53566 -0.272133 0.0428285 2.9839 1.8329 1
2.8025 1.53489 -0.271826 0.0424648 2.9832 1.83155 1
2.8075 1.53442 -0.27156 0.0422772 2.98277 1.83073 1
2.8125 1.53411 -0.271334 0.0423546 2.98249 1.83019 1
2.8175 1.53385 -0.270909 0.0427987 2.98229 1.82975 1
2.8225 1.5336 -0.270337 0.0437433 2.98212 1.82936 1
2.8275 1.53335 -0.269876 0.0449172 2.98197 1.82896 1
2.8325 1.53294 -0.26967 0.0461441 2.98171 1.82831 1
2.8375 1.53223 -0.269663 0.0472709 2.98123 1.82717 1
2.8425 1.53127 -0.269866 0.0481587 2.98055 1.82562 1
2.8475 1.5302 -0.270137 0.0488814 2.97976 1.82386 1
2.8525 1.52927 -0.270431 0.0492721 2.97906 1.82231 1
2.8575 1.52863 -0.270728 0.0494485 2.97853 1.82123 1
2.8625 1.52826 -0.270733 0.0494481 2.97817 1.82057 1
2.8675 1.52786 -0.270653 0.0494191 2.97773 1.81982 1
2.8725 1.52739 -0.270493 0.0496649 2.97724 1.81895 1
2.8775 1.5267 -0.2703 0.0500875 2.97659 1.81774 1
2.8825 1.52566 -0.26995 0.0504027 2.97572 1.81598 1
2.8875 1.52449 -0.269676 0.0501541 2.9748 1.81402 1
2.8925 1.52326 -0.269607 0.0492804 2.97386 1.81199 1
2.8975 1.52226 -0.269792 0.0480374 2.9731 1.81033 1
2.9025 1.52166 -0.269924 0.0468988 2.97266 1.80935 1
2.9075 1.5212 -0.269963 0.0455203 2.97234 1.80862 1
2.9125 1.52083 -0.26994 0.0439624 2.97214 1.80805 1
2.9175 1.52059 -0.269743 0.0422878 2.97208 1.80773 1
2.9225 1.52052 -0.269328 0.0405793 2.97219 1.80771 1
2.9275 1.52078 -0.268816 0.0390022 2.97257 1.80825 1
2.9325 1.52133 -0.268241 0.0376582 2.97315 1.80926 1
2.9375 1.52212 -0.267577 0.0367968 2.97385 1.81062 1
2.9425 1.52322 -0.26686 0.0365669 2.97476 1.81248 1
2.9475 1.52488 -0.266221 0.0370401 2.97605 1.81525 1
2.9525 1.52726 -0.265864 0.037773 2.97785 1.81918 1
2.9575 1.5302 -0.265792 0.0387142 2.98006 1.82404 1
2.9625 1.53349 -0.265922 0.0397707 2.98255 1.82948 1
2.9675 1.53687 -0.266253 0.0407538 2.98514 1.83511 1
2.9725 1.54022 -0.266891 0.041525 2.98781 1.84076 1
2.9775 1.54343 -0.267589 0.0416289 2.99042 1.8462 1
2.9825 1.54545 -0.268604 0.041334 2.99214 1.84968 1
2.9875 1.54623 -0.26986 0.0408011 2.99287 1.85106 1
2.9925 1.54572 -0.27112 0.0400378 2.99257 1.85026 1
2.9975 1.54397 -0.272338 0.0389782 2.99125 1.84737 1
3.0025 1.54085 -0.273584 0.0379797 2.98883 1.84214 1
3.0075 1.53685 -0.274736 0.0370183 2.98569 1.83543 1
3.0125 1.532 -0.275687 0.0360039 2.98188 1.82729 1
3.0175 1.52682 -0.276439 0.0349564 2.97781 1.81863 1
3.0225 1.52203 -0.276952 0.0333215 2.97403 1.81063 1
3.0275 1.51729 -0.277411 0.0312258 2.97028 1.80271 1
3.0325 1.51252 -0.277635 0.0286226 2.96649 1.79475 1
3.0375 1.50757 -0.27736 0.0256593 2.96255 1.7865 1
3.0425 1.5026 -0.276416 0.0227182 2.95859 1.77822 1
3.0475 1.49793 -0.275387 0.0200923 2.95483 1.77045 1
3.0525 1.49448 -0.274407 0.0176991 2.95202 1.76469 1
3.0575 1.49198 -0.273461 0.015544 2.94997 1.76052 1
3.0625 1.48992 -0.273091 0.0139251 2.94828 1.75708 1
3.0675 1.48818 -0.27306 0.0126276 2.94688 1.75419 1
3.0725 1.48649 -0.273284 0.0119063 2.94551 1.75138 1
3.0775 1.48485 -0.273782 0.0117195 2.9442 1.74868 1
3.0825 1.48357 -0.274419 0.012043 2.94319 1.74657 1
3.0875 1.48238 -0.274914 0.012581 2.94228 1.74463 1
3.0925 1.48149 -0.274974 0.0131671 2.94167 1.74322 1
3.0975 1.4808 -0.274797 0.013853 2.94122 1.74215 1
3.1025 1.4804 -0.274433 0.0144848 2.94096 1.74152 1
3.1075 1.48012 -0.274085 0.0149362 2.94075 1.74106 1
3.1125 1.47956 -0.273716 0.0149457 2.94026 1.74012 1
3.1175 1.47849 -0.273376 0.0145186 2.93931 1.73829 1
3.1225 1.47702 -0.273172 0.0137439 2.93802 1.7358 1
3.1275 1.47524 -0.27307 0.0126996 2.93652 1.73283 1
3.1325 1.47337 -0.273124 0.0113169 2.93499 1.72973 1
3.1375 1.47166 -0.273179 0.00978369 2.93365 1.72693 1
3.1425 1.47025 -0.27327 0.00836932 2.93255 1.72463 1
3.1475 1.46918 -0.273276 0.00702896 2.93172 1.72289 1
3.1525 1.46866 -0.272919 0.00571667 2.9313 1.72203 1
3.1575 1.4684 -0.272318 0.00413769 2.93107 1.72159 1
3.1625 1.46832 -0.271706 0.00245323 2.93096 1.72143 1
3.1675 1.46884 -0.271034 0.000915447 2.93127 1.72223 1
3.1725 1.46997 -0.270386 -0.000242156 2.93201 1.72399 1
3.1775 1.4713 -0.269926 -0.00109798 2.93294 1.7261 1
3.1825 1.47272 -0.269738 -0.00166818 2.93396 1.72836 1
3.1875 1.47382 -0.269694 -0.00167493 2.93476 1.73013 1
3.1925 1.47438 -0.269675 -0.00111246 2.93519 1.73103 1
3.1975 1.47481 -0.269471 -0.000196684 2.93553 1.73174 1
3.2025 1.47528 -0.269064 0.0009799 2.93589 1.73251 1
3.2075 1.47562 -0.268595 0.00231405 2.93615 1.73306 1
3.2125 1.47593 -0.268077 0.00368174 2.93641 1.73358 1
3.2175 1.47635 -0.267403 0.00494522 2.93673 1.73425 1
3.2225 1.47678 -0.266695 0.00609072 2.93703 1.73494 1
3.2275 1.47709 -0.266161 0.00710456 2.93722 1.73542 1
3.2325 1.47702 -0.265816 0.00790286 2.93709 1.73526 1
3.2375 1.47641 -0.265732 0.00853436 2.93654 1.73421 1
3.2425 1.47541 -0.265918 0.00906146 2.9357 1.73255 1
3.2475 1.47408 -0.266184 0.00969917 2.93466 1.73037 1
3.2525 1.47252 -0.266427 0.010431 2.93348 1.72784 1
3.2575 1.47072 -0.266611 0.0112495 2.93214 1.72494 1
3.2625 1.46877 -0.266798 0.0120403 2.93071 1.72181 1
3.2675 1.46675 -0.266954 0.0126907 2.92921 1.71857 1
3.2725 1.4648 -0.267055 0.0131839 2.92775 1.71543 1
3.2775 1.46316 -0.267074 0.0134971 2.9265 1.71277 1
3.2825 1.46186 -0.266996 0.0136001 2.92553 1.71069 1
3.2875 1.46087 -0.266952 0.0134626 2.92479 1.70909 1
3.2925 1.46028 -0.266907 0.0130667 2.92438 1.70817 1
3.2975 1.46007 -0.266871 0.0123464 2.92429 1.70787 1
3.3025 1.46013 -0.266778 0.0113114 2.92441 1.70801 1
3.3075 1.46054 -0.266607 0.00998395 2.9248 1.70871 1
3.3125 1.4613 -0.266414 0.00834697 2.92547 1.71 1
3.3175 1.46253 -0.266226 0.00644816 2.92651 1.71205 1
3.3225 1.46421 -0.266139 0.00438967 2.92791 1.71483 1
3.3275 1.46628 -0.266068 0.00215496 2.92959 1.71824 1
3.3325 1.46857 -0.266031 -0.00020318 2.93141 1.72199 1
3.3375 1.47074 -0.266099 -0.00251661 2.93312 1.72554 1
3.3425 1.47268 -0.266293 -0.00459577 2.93463 1.7287 1
3.3475 1.47427 -0.266514 -0.00639889 2.93585 1.73129 1
3.3525 1.47538 -0.266744 -0.00788029 2.93668 1.73309 1
3.3575 1.47601 -0.267053 -0.00904725 2.9371 1.73408 1
3.3625 1.47626 -0.267494 -0.0100028 2.93722 1.73444 1
3.3675 1.47622 -0.267991 -0.0107751 2.9371 1.73432 1
3.3725 1.47598 -0.268475 -0.0114072 2.93682 1.73388 1
3.3775 1.47566 -0.268875 -0.0119741 2.93648 1.73329 1
3.3825 1.47528 -0.269175 -0.0125048 2.9361 1.73263 1
3.3875 1.4749 -0.269394 -0.0130349 2.93572 1.73196 1
3.3925 1.47452 -0.269528 -0.013586 2.93543 1.73134 1
3.3975 1.47416 -0.269574 -0.0141754 2.93519 1.73078 1
3.4025 1.4738 -0.269562 -0.0148181 2.93497 1.73022 1
3.4075 1.4734 -0.269493 -0.01548 2.93473 1.72961 1
3.4125 1.47295 -0.269385 -0.0160971 2.93449 1.72894 1
3.4175 1.47243 -0.269266 -0.0165804 2.9342 1.72817 1
3.4225 1.47181 -0.269146 -0.0168555 2.93384 1.72723 1
3.4275 1.47108 -0.269028 -0.016951 2.93338 1.7261 1
3.4325 1.47024 -0.268934 -0.0169165 2.93281 1.72477 1
3.4375 1.46931 -0.268869 -0.0168245 2.93215 1.72329 1
3.4425 1.46835 -0.268798 -0.0167039 2.93143 1.72174 1
3.4475 1.46742 -0.268654 -0.0165406 2.9307 1.72022 1
3.4525 1.46651 -0.268449 -0.0163314 2.92996 1.71872 1
3.4575 1.46566 -0.268192 -0.0161229 2.92924 1.71731 1
3.4625 1.46495 -0.267906 -0.0159792 2.92862 1.71611 1
3.4675 1.4644 -0.267639 -0.0159357 2.9281 1.71517 1
3.4725 1.46394 -0.267422 -0.0158707 2.92763 1.71435 1
3.4775 1.46346 -0.267244 -0.015752 2.92714 1.7135 1
3.4825 1.46281 -0.267048 -0.0155224 2.92658 1.71242 1
3.4875 1.46183 -0.266736 -0.0153823 2.92579 1.7108 1
3.4925 1.46051 -0.266408 -0.015354 2.92477 1.70867 1
3.4975 1.45892 -0.266152 -0.0155043 2.92355 1.70608 1
3.5025 1.45728 -0.265997 -0.0156591 2.92229 1.70344 1
3.5075 1.45578 -0.265908 -0.0156965 2.92115 1.70102 1
3.5125 1.45447 -0.265774 -0.0156161 2.92015 1.69891 1
3.5175 1.45345 -0.26569 -0.0153601 2.91936 1.69726 1
3.5225 1.45311 -0.26558 -0.0147246 2.91913 1.69673 1
3.5275 1.45346 -0.265414 -0.0137855 2.91946 1.69732 1
3.5325 1.45443 -0.265362 -0.0125783 2.92029 1.69895 1
3.5375 1.45584 -0.265424 -0.0110086 2.92148 1.70128 1
3.5425 1.45773 -0.26555 -0.00883942 2.92305 1.7044 1
3.5475 1.46012 -0.26567 -0.00616891 2.92501 1.70834 1
3.5525 1.46248 -0.265791 -0.00320398 2.92696 1.71225 1
3.5575 1.46566 -0.266067 0.000464727 2.92955 1.71749 1
3.5625 1.4699 -0.266407 0.00548292 2.933 1.72449 1
3.5675 1.47521 -0.266833 0.0118264 2.9373 1.73325 1
3.5725 1.48162 -0.267479 0.0190626 2.94247 1.74385 1
3.5775 1.48937 -0.268451 0.027183 2.94871 1.75669 1
3.5825 1.49872 -0.269524 0.0362766 2.95618 1.77219 1
3.5875 1.50908 -0.27079 0.0459727 2.96439 1.78941 1
3.5925 1.51928 -0.272412 0.0551928 2.9724 1.80636 1
3.5975 1.52825 -0.274048 0.0638697 2.97938 1.82129 1
3.6025 1.53578 -0.275145 0.0713527 2.98519 1.83384 1
3.6075 1.54121 -0.27641 0.0771127 2.98936 1.84289 1
3.6125 1.54533 -0.277152 0.0810861 2.9925 1.84976 1
3.6175 1.54889 -0.277979 0.0830854 2.99521 1.8557 1
3.6225 1.55111 -0.278408 0.0834838 2.99688 1.85939 1
3.6275 1.55141 -0.27828 0.0814347 2.9971 1.85989 1
3.6325 1.55043 -0.277798 0.0781442 2.99634 1.85825 1
3.6375 1.54759 -0.276813 0.0740873 2.99413 1.85347 1
3.6425 1.54178 -0.275069 0.0697348 2.98962 1.84374 1
3.6475 1.53487 -0.272921 0.0650071 2.98419 1.83214 1
3.6525 1.52906 -0.271631 0.0609916 2.97958 1.82238 1
3.6575 1.52475 -0.270637 0.0575888 2.97613 1.81515 1
3.6625 1.52156 -0.269679 0.0551451 2.97361 1.80981 1
3.6675 1.51859 -0.269189 0.0531693 2.9713 1.80487 1
3.6725 1.51589 -0.268999 0.051393 2.96921 1.8004 1
3.6775 1.51429 -0.268679 0.0501682 2.96798 1.79776 1
3.6825 1.51349 -0.268452 0.0493037 2.96737 1.79643 1
3.6875 1.51285 -0.268391 0.0484288 2.96687 1.79537 1
3.6925 1.51224 -0.268413 0.0474255 2.96639 1.79435 1
3.6975 1.51173 -0.268444 0.0462404 2.966 1.79352 1
3.7025 1.51151 -0.268405 0.0449541 2.96582 1.79315 1
3.7075 1.51152 -0.268294 0.0436601 2.96583 1.79316 1
3.7125 1.51156 -0.26822 0.0424416 2.96585 1.79322 1
3.7175 1.51156 -0.268199 0.0414666 2.96584 1.79322 1
3.7225 1.51149 -0.268223 0.0407952 2.96575 1.79308 1
3.7275 1.51131 -0.26831 0.0403974 2.96559 1.79277 1
3.7325 1.51105 -0.268437 0.0402627 2.96537 1.79232 1
3.7375 1.5107 -0.268586 0.0403365 2.96509 1.79175 1
3.7425 1.51026 -0.268797 0.0405231 2.96474 1.791 1
3.7475 1.50968 -0.269062 0.0407395 2.96429 1.79005 1
3.7525 1.50907 -0.269351 0.0408876 2.96379 1.78902 1
3.7575 1.50853 -0.269579 0.0409436 2.96335 1.78812 1
3.7625 1.50818 -0.269693 0.0409363 2.96304 1.78752 1
3.7675 1.50802 -0.269715 0.0409325 2.96289 1.78725 1
3.7725 1.50803 -0.269639 0.0409714 2.96286 1.78723 1
3.7775 1.50822 -0.269501 0.0410721 2.96297 1.78752 1
3.7825 1.50855 -0.269312 0.0412301 2.9632 1.78806 1
3.7875 1.50898 -0.269119 0.0414399 2.9635 1.78874 1
3.7925 1.50943 -0.268966 0.0416953 2.96381 1.78947 1
3.7975 1.50987 -0.268885 0.0419348 2.96413 1.79018 1
3.8025 1.5103 -0.268869 0.0420803 2.96444 1.79088 1
3.8075 1.51075 -0.268895 0.0420608 2.96476 1.7916 1
3.8125 1.51122 -0.268956 0.0418403 2.96511 1.79237 1
3.8175 1.5117 -0.269039 0.0414365 2.96548 1.79317 1
3.8225 1.51219 -0.269138 0.0409035 2.96586 1.79398 1
3.8275 1.51267 -0.26925 0.0402791 2.96623 1.79477 1
3.8325 1.51313 -0.269364 0.0395977 2.9666 1.79554 1
3.8375 1.51361 -0.269468 0.0388895 2.96697 1.79634 1
3.8425 1.51416 -0.269558 0.038188 2.96741 1.79725 1
3.8475 1.51478 -0.269624 0.0375196 2.96789 1.79828 1
3.8525 1.51542 -0.269657 0.0369173 2.96841 1.79936 1
3.8575 1.51606 -0.269664 0.0363913 2.96891 1.80041 1
3.8625 1.51667 -0.269662 0.0359368 2.9694 1.80144 1
3.8675 1.51727 -0.269653 0.0355459 2.96988 1.80244 1
3.8725 1.51787 -0.269628 0.0352224 2.97036 1.80345 1
3.8775 1.51849 -0.269588 0.0349691 2.97085 1.80448 1
3.8825 1.51913 -0.269553 0.0347932 2.97136 1.80556 1
3.8875 1.51982 -0.26953 0.034663 2.9719 1.80671 1
3.8925 1.52055 -0.269503 0.0345497 2.97248 1.80791 1
3.8975 1.5213 -0.269465 0.0344601 2.97307 1.80917 1
3.9025 1.52206 -0.269434 0.034366 2.97367 1.81044 1
3.9075 1.52279 -0.269424 0.0342057 2.97424 1.81166 1
3.9125 1.52347 -0.269447 0.033966 2.97477 1.81279 1
3.9175 1.52408 -0.269487 0.0336605 2.97525 1.81381 1
3.9225 1.52462 -0.269526 0.0333079 2.97567 1.81471 1
3.9275 1.52511 -0.269553 0.0329131 2.97606 1.81553 1
3.9325 1.52555 -0.269568 0.0325109 2.9764 1.81626 1
3.9375 1.52594 -0.26958 0.0321171 2.9767 1.81691 1
3.9425 1.5263 -0.269585 0.0317301 2.97698 1.81751 1
3.9475 1.52664 -0.269562 0.0313467 2.97725 1.81807 1
3.9525 1.52697 -0.269513 0.030972 2.9775 1.81862 1
3.9575 1.5273 -0.269434 0.030603 2.97777 1.81918 1
3.9625 1.52766 -0.269314 0.0302579 2.97805 1.81978 1
3.9675 1.52805 -0.269152 0.0299723 2.97835 1.82043 1
3.9725 1.52843 -0.268965 0.0297562 2.97865 1.82106 1
3.9775 1.5288 -0.268778 0.029594 2.97894 1.82168 1
3.9825 1.52916 -0.268586 0.0294671 2.97922 1.82228 1
3.9875 1.5295 -0.268382 0.0293734 2.97949 1.82285 1
3.9925 1.52981 -0.268172 0.029302 2.97973 1.82337 1
3.9975 1.53014 -0.267896 0.0292609 2.97999 1.82392 1
4.0025 1.52843 -0.267886 0.0316486 2.97865 1.82107 1
4.0075 1.52811 -0.268157 0.0316875 2.9784 1.82053 1
