0 0 0
0.000110925 -4.47462e-16 9.1837e-15
0.000220645 3.43054e-15 -1.73077e-14
0.000330501 4.62378e-15 -1.96037e-14
0.000439619 2.92287e-07 -5.29829e-15
0.000549399 1.42772e-06 9.1837e-15
0.000768122 6.91693e-06 -1.23627e-14
0.000987214 2.4302e-05 -1.43054e-14
0.00120634 6.42184e-05 -3.2143e-14
0.00142548 0.000138194 1.23627e-15
0.00164507 0.000258046 -2.82576e-15
0.00186579 0.000435492 -5.29829e-16
0.00208719 0.000682721 -3.17897e-15
0.0023089 0.00100677 7.06439e-16
0.00253071 0.0014109 -2.82576e-15
0.00275202 0.00189505 -2.01335e-14
0.00297283 0.00245798 8.65387e-15
0.00319341 0.00309843 1.05966e-15
0.00341381 0.00381413 4.06202e-15
0.00363404 0.00460245 -7.241e-15
0.00385429 0.00546126 -2.86108e-14
0.00407425 0.00638653 -1.01374e-13
0.00429423 0.00737657 -9.71353e-14
0.00451389 0.00842716 -1.08438e-13
0.00473364 0.0095373 -1.05966e-13
0.004953 0.0107021 -1.25746e-13
0.00517234 0.0119209 -1.82614e-13
0.00539129 0.0131892 -3.05182e-13
0.00561001 0.0145056 -4.13973e-13
0.00582849 0.0158679 -5.99413e-13
0.00604685 0.0172747 -7.59775e-13
0.00626492 0.0187233 -9.36031e-13
0.00648272 0.020212 -1.02434e-12
0.00670051 0.021741 -1.28943e-12
0.00691967 0.0233189 -1.31415e-12
0.00713698 0.0249215 -1.34577e-12
0.00735386 0.0265574 -1.38586e-12
0.00757059 0.0282274 -1.49112e-12
0.00778743 0.0299327 -1.81431e-12
0.00800394 0.0316688 -1.86288e-12
0.0082206 0.0334387 -1.94924e-12
0.00843708 0.0352389 -2.16647e-12
0.00865362 0.0370708 -2.58592e-12
0.00886983 0.0389302 -2.58857e-12
0.00908602 0.0408191 -2.5944e-12
0.00930208 0.042736 -2.611e-12
0.00951758 0.0446764 -2.7069e-12
0.00973318 0.0466454 -2.82805e-12
0.00994883 0.0486423 -2.99318e-12
0.0101639 0.0506607 -3.05853e-12
0.0103789 0.0527045 -3.13306e-12
0.010594 0.0547747 -3.22595e-12
0.0108086 0.0568663 -3.33157e-12
0.0110233 0.0589828 -3.44513e-12
0.0112377 0.0611214 -3.57988e-12
0.0114519 0.063282 -3.68796e-12
0.0116658 0.0654634 -3.80894e-12
0.0118798 0.0676693 -3.93416e-12
0.0120935 0.069894 -4.03747e-12
0.0123067 0.0721368 -4.1422e-12
0.01252 0.0744031 -4.23563e-12
0.0127333 0.0766899 -4.33065e-12
0.0129464 0.0789969 -4.41295e-12
0.0131593 0.0813238 -4.48942e-12
0.0133722 0.0836701 -4.56713e-12
0.0135846 0.0860323 -4.64201e-12
0.0137969 0.0884134 -4.70983e-12
0.0140093 0.0908156 -4.79036e-12
0.0142184 0.0932002 -4.84564e-12
0.0144301 0.0956344 -5.07223e-12
0.0146369 0.0980306 -5.15577e-12
0.0148436 0.100443 -5.23242e-12
0.0150552 0.102931 -5.32249e-12
0.0152654 0.105421 -5.40108e-12
0.0154682 0.107841 -5.48938e-12
0.0156727 0.110298 -5.56815e-12
0.0158828 0.11284 -5.66069e-12
0.0160913 0.115379 -5.76065e-12
0.0163019 0.117963 -5.93903e-12
0.0165104 0.120536 -6.06425e-12
0.0167085 0.122997 -6.21878e-12
0.016915 0.125579 -6.42082e-12
0.0171144 0.128087 -6.65854e-12
0.0173106 0.13057 -6.93493e-12
0.017515 0.133171 -7.26678e-12
0.0177108 0.135677 -7.623e-12
0.0179111 0.138255 -7.85154e-12
0.0181053 0.140769 -8.21164e-12
0.0183006 0.143311 -8.5827e-12
0.0185035 0.145967 -8.97477e-12
0.0187012 0.148567 -9.35396e-12
0.0189016 0.151218 -9.73296e-12
0.0190939 0.153776 -1.00973e-11
0.0192909 0.156409 -1.04475e-11
0.0194995 0.159211 -1.12334e-11
0.0196914 0.161802 -1.15605e-11
0.0198833 0.164406 -1.18671e-11
0.0200913 0.167242 -1.23252e-11
0.0202896 0.169961 -1.29061e-11
0.0204822 0.172613 -1.34483e-11
0.0206851 0.175419 -1.42369e-11
0.0208923 0.1783 -1.47404e-11
0.0210993 0.18119 -1.5927e-11
0.0212966 0.183959 -1.72472e-11
0.0214914 0.186706 -1.84223e-11
0.021697 0.189617 -1.94136e-11
0.0218895 0.192355 -2.02504e-11
0.0220954 0.195295 -2.10787e-11
0.0222883 0.198062 -2.20356e-11
0.0224875 0.200933 -2.22805e-11
0.0226942 0.203923 -2.30409e-11
0.022888 0.20674 -2.4322e-11
0.0230825 0.209578 -2.68062e-11
0.0232884 0.212593 -2.96356e-11
0.0234827 0.215453 -3.08708e-11
0.0236864 0.218462 -3.15059e-11
0.0238868 0.221434 -3.24091e-11
0.0240868 0.224413 -3.41761e-11
0.0242909 0.227466 -3.60665e-11
0.0244947 0.230527 -3.80693e-11
0.0246904 0.233478 -3.97148e-11
0.0248938 0.236558 -4.17421e-11
0.0250981 0.239663 -4.3201e-11
0.0252946 0.242662 -4.53869e-11
0.0254996 0.245804 -4.79147e-11
0.0257024 0.248924 -5.05249e-11
0.0259047 0.252048 -5.29398e-11
0.0261015 0.255101 -5.55134e-11
0.0262977 0.258156 -5.75601e-11
0.0265012 0.261337 -6.04885e-11
0.0267005 0.264463 -6.21592e-11
0.0268975 0.267567 -6.474e-11
0.0271023 0.270805 -6.70096e-11
0.027299 0.273928 -6.95989e-11
0.0274957 0.277061 -7.23877e-11
0.0276978 0.280294 -7.42967e-11
0.0279001 0.283542 -7.73257e-11
0.028097 0.286715 -8.0003e-11
0.0282965 0.289943 -8.29804e-11
0.028497 0.293197 -8.54097e-11
0.0286972 0.296459 -8.89606e-11
0.0288941 0.299681 -9.23195e-11
0.0290942 0.302965 -9.35664e-11
0.0292916 0.306217 -9.63724e-11
0.0294886 0.309474 -9.88015e-11
0.0296856 0.312742 -1.01411e-10
0.0298853 0.316066 -1.05014e-10
0.0300822 0.319356 -1.06983e-10
0.0302792 0.322659 -1.08678e-10
0.0304764 0.325975 -1.12258e-10
0.0306769 0.329359 -1.15852e-10
0.0308739 0.332695 -1.19411e-10
0.0310741 0.336095 -1.23242e-10
0.0312713 0.339457 -1.25066e-10
0.0314683 0.342826 -1.27202e-10
0.0316655 0.346208 -1.29576e-10
0.0318625 0.349599 -1.32019e-10
0.0320615 0.353034 -1.36317e-10
0.0322609 0.356487 -1.39443e-10
0.0324587 0.359923 -1.42393e-10
0.0326576 0.363388 -1.44292e-10
0.0328562 0.366858 -1.47068e-10
0.033055 0.370344 -1.50751e-10
0.0332538 0.373837 -1.53818e-10
0.0334519 0.377332 -1.5703e-10
0.0336495 0.380826 -1.59381e-10
0.0338473 0.384333 -1.62289e-10
0.0340448 0.387846 -1.65284e-10
0.0342398 0.391324 -1.68365e-10
0.034435 0.394816 -1.71891e-10
0.0346305 0.398322 -1.74586e-10
0.0348278 0.401869 -1.76819e-10
0.0350242 0.405411 -1.7979e-10
0.0352211 0.408972 -1.83246e-10
0.0354177 0.412536 -1.86662e-10
0.0356139 0.416104 -1.8962e-10
0.0358019 0.419531 -1.92993e-10
0.0359982 0.423118 -1.9585e-10
0.0361944 0.426714 -1.98167e-10
0.036387 0.430252 -2.00967e-10
0.0365726 0.43367 -2.0419e-10
0.0367685 0.437287 -2.07443e-10
0.0369646 0.440917 -2.10602e-10
0.0371506 0.444368 -2.13872e-10
0.0373469 0.448019 -2.16835e-10
0.0375322 0.451474 -2.19379e-10
0.0377277 0.455129 -2.22443e-10
0.0379218 0.458766 -2.25957e-10
0.0381171 0.462433 -2.2919e-10
0.0383105 0.466075 -2.31505e-10
0.0385043 0.469732 -2.34157e-10
0.0386853 0.473157 -2.37457e-10
0.0388753 0.476758 -2.41998e-10
0.0390548 0.480168 -2.44236e-10
0.0392398 0.483692 -2.46381e-10
0.0394326 0.48737 -2.49499e-10
0.0396244 0.491039 -2.52302e-10
0.0398092 0.494582 -2.56093e-10
0.0400013 0.498272 -2.59311e-10
0.040182 0.50175 -2.61136e-10
0.0403733 0.505439 -2.64503e-10
0.0405579 0.509007 -2.67437e-10
0.0407295 0.512332 -2.70104e-10
0.0409092 0.515819 -2.73241e-10
0.0410995 0.519519 -2.76627e-10
0.041291 0.52325 -2.79262e-10
0.0414698 0.52674 -2.8195e-10
0.0416298 0.529869 -2.84197e-10
0.0417836 0.532884 -2.86966e-10
0.0419385 0.535922 -2.90002e-10
0.0421188 0.539466 -2.93437e-10
0.0422777 0.542596 -2.95539e-10
0.0424369 0.545735 -2.97412e-10
0.0425857 0.548674 -2.99587e-10
0.0427654 0.552229 -3.03313e-10
0.0429466 0.55582 -3.07012e-10
0.0430983 0.558833 -3.09167e-10
0.0432874 0.562593 -3.11281e-10
0.0434595 0.56602 -3.13917e-10
0.0436103 0.569031 -3.16903e-10
0.0437833 0.572487 -3.19325e-10
0.0439252 0.575327 -3.21583e-10
0.044101 0.578851 -3.2488e-10
0.0442607 0.582057 -3.27586e-10
0.0444347 0.585555 -3.30996e-10
0.0445749 0.588379 -3.32293e-10
0.0447274 0.591454 -3.3415e-10
0.0448921 0.594779 -3.37986e-10
0.0450459 0.597889 -3.40689e-10
0.0452088 0.601189 -3.43032e-10
0.0453562 0.604179 -3.45319e-10
0.0455063 0.607227 -3.46706e-10
0.0456631 0.610417 -3.4886e-10
0.0458167 0.613543 -3.52032e-10
0.0459939 0.617158 -3.56597e-10
0.0461529 0.620405 -3.58333e-10
0.0462927 0.623264 -3.61034e-10
0.0464648 0.62679 -3.62982e-10
0.0466487 0.630561 -3.65611e-10
0.0468044 0.633761 -3.67635e-10
0.046962 0.637003 -3.70703e-10
0.0471175 0.640207 -3.73636e-10
0.0472744 0.643443 -3.7663e-10
0.0474551 0.647176 -3.79251e-10
0.047615 0.650484 -3.81422e-10
0.0477781 0.653863 -3.84633e-10
0.0479418 0.65726 -3.87055e-10
0.0481245 0.661055 -3.89824e-10
0.0482957 0.664617 -3.91994e-10
0.0484776 0.668408 -3.94581e-10
0.0486412 0.671823 -3.98144e-10
0.0488219 0.6756 -4.00695e-10
0.0489994 0.679316 -4.04875e-10
0.049179 0.683081 -4.07803e-10
0.0493598 0.686878 -4.09384e-10
0.049541 0.690687 -4.11894e-10
0.0497134 0.694319 -4.1403e-10
0.0498962 0.698175 -4.18162e-10
0.0500737 0.701923 -4.21727e-10
0.0502536 0.705729 -4.24657e-10
0.0504294 0.709453 -4.26424e-10
0.0506065 0.71321 -4.28955e-10
0.0507832 0.716963 -4.32022e-10
0.0509595 0.720713 -4.34828e-10
0.0511368 0.72449 -4.37058e-10
0.0513155 0.728303 -4.40334e-10
0.0514909 0.73205 -4.43291e-10
0.0516655 0.735786 -4.45848e-10
0.0518392 0.739506 -4.4917e-10
0.0520129 0.743231 -4.51923e-10
0.0521852 0.746933 -4.54342e-10
0.052358 0.750649 -4.55978e-10
0.0525295 0.754342 -4.58632e-10
0.0527012 0.758043 -4.61625e-10
0.0528719 0.761728 -4.6526e-10
0.0530423 0.765413 -4.67839e-10
0.0532132 0.769111 -4.70658e-10
0.0533844 0.772822 -4.72694e-10
0.0535599 0.776629 -4.7466e-10
0.0537309 0.780345 -4.77593e-10
0.0538994 0.78401 -4.79302e-10
0.0540671 0.787663 -4.83063e-10
0.0542345 0.791312 -4.86566e-10
0.0544032 0.794994 -4.8887e-10
0.0545699 0.798638 -4.90826e-10
0.0547364 0.80228 -4.92925e-10
0.0549024 0.805916 -4.94918e-10
0.0550732 0.809663 -4.98214e-10
0.0552448 0.81343 -5.00365e-10
0.05541 0.817061 -5.03881e-10
0.0555748 0.820686 -5.07143e-10
0.0557458 0.824454 -5.0884e-10
0.0559098 0.828069 -5.11037e-10
0.0560736 0.831685 -5.13142e-10
0.0562398 0.835358 -5.15358e-10
0.0564035 0.838979 -5.17624e-10
0.056568 0.84262 -5.19892e-10
0.0567299 0.846209 -5.23764e-10
0.0568923 0.849812 -5.26177e-10
0.0570596 0.853528 -5.29075e-10
0.0572217 0.857133 -5.30348e-10
0.0573816 0.860692 -5.32462e-10
0.0575446 0.864322 -5.34183e-10
0.0577039 0.867874 -5.36694e-10
0.0578658 0.871486 -5.3911e-10
0.0580248 0.875037 -5.42533e-10
0.0581828 0.878571 -5.45999e-10
0.0583399 0.882087 -5.48094e-10
0.0584964 0.885592 -5.49507e-10
0.0586529 0.889099 -5.50537e-10
0.0588129 0.89269 -5.52381e-10
0.0589688 0.896191 -5.55117e-10
0.0591245 0.89969 -5.57827e-10
0.0592795 0.903176 -5.60092e-10
0.0594347 0.906672 -5.62402e-10
0.0595893 0.910155 -5.65564e-10
0.0597434 0.91363 -5.67409e-10
0.0598978 0.917115 -5.68605e-10
0.0600544 0.920652 -5.71187e-10
0.0602126 0.92423 -5.73059e-10
0.0603698 0.927785 -5.74772e-10
0.0605244 0.931287 -5.77363e-10
0.0606754 0.934708 -5.79361e-10
0.0608288 0.938188 -5.82449e-10
0.0609765 0.94154 -5.84285e-10
0.061128 0.944981 -5.86588e-10
0.0612793 0.948419 -5.88028e-10
0.0614314 0.951878 -5.89737e-10
0.0615822 0.955313 -5.91017e-10
0.0617308 0.958697 -5.93164e-10
0.061877 0.962031 -5.96372e-10
0.0620224 0.965348 -5.9888e-10
0.0621705 0.968729 -6.00906e-10
0.062316 0.972053 -6.0219e-10
0.0624646 0.975449 -6.04192e-10
0.0626106 0.978788 -6.05786e-10
0.0627596 0.982199 -6.07671e-10
0.0629031 0.985486 -6.09702e-10
0.0630464 0.988772 -6.11102e-10
0.0631952 0.992183 -6.13358e-10
0.0633358 0.99541 -6.15673e-10
0.0634769 0.998652 -6.17658e-10
0.0636186 1.00191 -6.19858e-10
0.0637645 1.00526 -6.21161e-10
0.0639035 1.00846 -6.22873e-10
0.0640413 1.01163 -6.24465e-10
0.064181 1.01485 -6.25453e-10
0.0643201 1.01806 -6.27815e-10
0.0644575 1.02122 -6.29868e-10
0.0645955 1.02441 -6.32032e-10
0.0647309 1.02753 -6.34183e-10
0.0648661 1.03066 -6.35803e-10
0.0650069 1.03391 -6.37454e-10
0.0651427 1.03705 -6.38921e-10
0.0652814 1.04026 -6.40102e-10
0.0654163 1.04338 -6.41587e-10
0.0655582 1.04667 -6.43595e-10
0.0656934 1.0498 -6.44471e-10
0.065826 1.05288 -6.4751e-10
0.065961 1.05601 -6.49668e-10
0.0660946 1.05911 -6.5126e-10
0.0662255 1.06215 -6.52529e-10
0.0663547 1.06515 -6.53712e-10
0.0664827 1.06813 -6.54896e-10
0.0666101 1.07109 -6.55625e-10
0.0667387 1.07408 -6.57969e-10
0.0668659 1.07704 -6.58866e-10
0.066992 1.07998 -6.59764e-10
0.0671145 1.08283 -6.62675e-10
0.0672379 1.08571 -6.64124e-10
0.0673595 1.08854 -6.66637e-10
0.0674796 1.09134 -6.67693e-10
0.0675993 1.09413 -6.69e-10
0.0677191 1.09693 -6.69863e-10
0.0678392 1.09973 -6.7059e-10
0.0679585 1.10252 -6.72518e-10
0.0680769 1.10529 -6.73273e-10
0.0681957 1.10806 -6.73869e-10
0.0683151 1.11086 -6.75866e-10
0.0684336 1.11363 -6.77057e-10
0.0685522 1.11641 -6.78504e-10
0.0686696 1.11916 -6.79981e-10
0.0687885 1.12194 -6.82017e-10
0.0689063 1.1247 -6.82904e-10
0.0690235 1.12745 -6.83928e-10
0.0691418 1.13022 -6.85831e-10
0.0692587 1.13296 -6.87178e-10
0.0693754 1.1357 -6.87902e-10
0.0694935 1.13847 -6.88923e-10
0.0696102 1.14122 -6.90085e-10
0.069729 1.14401 -6.90956e-10
0.069846 1.14676 -6.92135e-10
0.0699651 1.14956 -6.93308e-10
0.0700833 1.15233 -6.9451e-10
0.070202 1.15513 -6.96129e-10
0.07032 1.1579 -6.98225e-10
0.0704381 1.16068 -6.99565e-10
0.0705556 1.16345 -7.00907e-10
0.0706733 1.16622 -7.01942e-10
0.0707916 1.16901 -7.03439e-10
0.0709105 1.17181 -7.04471e-10
0.0710288 1.1746 -7.05231e-10
0.0711475 1.1774 -7.05961e-10
0.0712657 1.18019 -7.07022e-10
0.0713843 1.18299 -7.07909e-10
0.0715025 1.18578 -7.088e-10
0.0716218 1.1886 -7.09967e-10
0.0717409 1.19141 -7.11284e-10
0.0718594 1.19421 -7.12746e-10
0.0719772 1.197 -7.14521e-10
0.0720957 1.1998 -7.15711e-10
0.0722142 1.2026 -7.16744e-10
0.0723328 1.20541 -7.17893e-10
0.0724514 1.20821 -7.18941e-10
0.0725697 1.21101 -7.20009e-10
0.0726883 1.21382 -7.21198e-10
0.072807 1.21663 -7.2181e-10
0.072926 1.21945 -7.22568e-10
0.0730447 1.22227 -7.22727e-10
0.0731639 1.22509 -7.24351e-10
0.0732835 1.22793 -7.25091e-10
0.0734027 1.23076 -7.26289e-10
0.0735225 1.2336 -7.27045e-10
0.0736421 1.23644 -7.27643e-10
0.0737619 1.23928 -7.28726e-10
0.0738819 1.24214 -7.2969e-10
0.074002 1.24499 -7.30456e-10
0.0741236 1.24788 -7.31123e-10
0.0742453 1.25077 -7.31901e-10
0.0743662 1.25364 -7.33e-10
0.0744871 1.25652 -7.34284e-10
0.0746083 1.2594 -7.36059e-10
0.0747303 1.26231 -7.3806e-10
0.0748516 1.26519 -7.40388e-10
0.0749738 1.2681 -7.43087e-10
0.0750956 1.271 -7.46129e-10
0.075218 1.27392 -7.49546e-10
0.0753405 1.27684 -7.53345e-10
0.0754632 1.27976 -7.5753e-10
0.0755859 1.28268 -7.62107e-10
0.0757091 1.28562 -7.67115e-10
0.0758325 1.28856 -7.72549e-10
0.0759557 1.2915 -7.78423e-10
0.0760793 1.29445 -7.8477e-10
0.0762036 1.29742 -7.9164e-10
0.076328 1.30038 -7.99016e-10
0.0764527 1.30336 -8.06769e-10
0.0765772 1.30633 -8.15043e-10
0.0767021 1.30932 -8.23426e-10
0.0768272 1.31231 -8.32122e-10
0.0769524 1.3153 -8.41053e-10
0.0770779 1.3183 -8.50146e-10
0.0772038 1.32131 -8.58717e-10
0.0773298 1.32432 -8.6676e-10
0.0774561 1.32734 -8.74559e-10
0.0775823 1.33036 -8.82428e-10
0.0777088 1.33338 -8.90608e-10
0.0778353 1.33641 -8.98253e-10
0.0779622 1.33944 -9.04899e-10
0.0780892 1.34248 -9.11696e-10
0.0782165 1.34553 -9.18877e-10
0.078344 1.34858 -9.26428e-10
0.0784715 1.35164 -9.33981e-10
0.0785995 1.3547 -9.41528e-10
0.0787275 1.35777 -9.48865e-10
0.0788559 1.36084 -9.56407e-10
0.0789843 1.36392 -9.63258e-10
0.0791128 1.367 -9.7063e-10
0.0792415 1.37009 -9.7844e-10
0.0793705 1.37318 -9.86256e-10
0.0794996 1.37627 -9.93509e-10
0.079629 1.37937 -1.00091e-09
0.0797585 1.38248 -1.00848e-09
0.0798882 1.38559 -1.01638e-09
