-25.4688 9.58488 -35.9345 148.304 42456.9 434899 1
-25.1562 9.58562 -35.9213 148.266 42460.5 435048 1
-24.8438 9.58939 -35.7156 148.226 42478.1 435794 1
-24.5312 9.5888 -35.7305 148.257 42475.3 435676 1
-24.2188 9.59014 -35.7483 148.206 42481.6 435944 1
-23.9062 9.59459 -35.7877 148.029 42502.7 436832 1
-23.5938 9.60464 -35.8916 147.607 42550.6 438846 1
-23.2812 9.62338 -36.0954 146.788 42640.1 442610 1
-22.9688 9.65368 -36.4295 145.429 42785.5 448731 1
-22.6562 9.69776 -36.9199 143.418 42999 457711 1
-22.3438 9.73936 -37.3863 141.495 43201.3 466245 1
-22.0312 9.76913 -37.7456 140.032 43347.3 472403 1
-21.7188 9.78841 -38.0325 139.001 43441.5 476391 1
-21.4062 9.79943 -38.3335 138.309 43493.6 478638 1
-21.0938 9.80498 -38.7024 137.842 43516.1 479687 1
-20.7812 9.80789 -39.1903 137.484 43522 480105 1
-20.4688 9.81028 -39.8254 137.148 43521.5 480330 1
-20.1562 9.81331 -40.6069 136.792 43522.9 480660 1
-19.8438 9.81879 -41.5183 136.342 43536.5 481506 1
-19.5312 9.82943 -42.5478 135.692 43577 483460 1
-19.2188 9.84916 -43.7064 134.687 43664.7 487374 1
-18.9062 9.88362 -45.0328 133.091 43829.8 494492 1
-18.5938 9.94059 -46.581 130.569 44113.6 506564 1
-18.2812 10.0297 -48.4198 126.7 44568 525831 1
-17.9688 10.1339 -50.3299 122.208 45107.7 548790 1
-17.6562 10.2196 -51.9408 118.792 45549.5 567811 1
-17.3438 10.2884 -53.2156 116.4 45888.8 582854 1
-17.0312 10.346 -54.2565 114.77 46154.8 595096 1
-16.7188 10.3957 -55.1992 113.728 46372.2 605433 1
-16.4062 10.4359 -56.2721 113.173 46547.1 613814 1
-16.0938 10.4678 -57.7305 113.098 46692.1 620630 1
-15.7812 10.4898 -59.5482 113.365 46797.9 625474 1
-15.4688 10.5069 -61.7424 113.743 46889.2 629475 1
-15.1562 10.5247 -64.2069 114.057 46991.7 633815 1
-14.8438 10.5436 -66.7437 114.135 47103.3 638507 1
-14.5312 10.5704 -69.3431 113.697 47260.7 645143 1
-14.2188 10.6187 -71.993 112.125 47545 657180 1
-13.9062 10.7007 -74.6329 108.845 48031.9 677861 1
-13.5938 10.8049 -77.2629 104.418 48658 704572 1
-13.2812 10.8825 -80.0425 101.111 49132.7 724875 1
-12.9688 10.9321 -82.9832 99.0286 49440.5 738044 1
-12.6562 10.9622 -86.0512 97.7929 49629.8 746134 1
-12.3438 10.9815 -89.2023 97.0167 49752.3 751357 1
-12.0312 10.9963 -92.3976 96.4089 49846.7 755384 1
-11.7188 11.0099 -95.6115 95.7999 49933.6 759097 1
-11.4062 11.0254 -98.8251 95.0696 50033.2 763347 1
-11.0938 11.0477 -101.997 93.9732 50176.4 769476 1
-10.7812 11.0828 -105.067 92.2341 50401.4 779131 1
-10.4688 11.1326 -107.991 89.7671 50722 792932 1
-10.1562 11.1774 -110.945 87.4844 51013 805469 1
-9.84375 11.2113 -113.978 85.6403 51237.7 815121 1
-9.53125 11.2377 -117.044 84.079 51414.3 822689 1
-9.21875 11.2602 -120.094 82.6206 51567.2 829229 1
-8.90625 11.2828 -123.046 81.118 51719.9 835785 1
-8.59375 11.3153 -125.656 79.2574 51937.7 845189 1
-8.28125 11.3967 -126.755 75.8211 52493.2 869155 1
-7.96875 11.7065 -120.029 65.3289 54894.3 969882 1
-7.65625 12.7148 -82.8603 32.7535 65477.3 1.40099e+06 1
-7.34375 14.4398 -4.65823 -23.169 87401 2.376e+06 1
-7.03125 15.5568 54.2157 -52.8077 102068 3.11554e+06 1
-6.71875 15.9739 76.5322 -61.9365 108205 3.43473e+06 1
-6.40625 16.0739 83.8305 -63.2778 110452 3.5413e+06 1
-6.09375 16.0754 85.8887 -61.9572 111353 3.57456e+06 1
-5.78125 16.0243 86.412 -59.8152 111844 3.57949e+06 1
-5.46875 15.9745 86.0011 -57.1709 112164 3.57845e+06 1
-5.15625 15.9143 85.6625 -54.1126 112466 3.57401e+06 1
-4.84375 15.8679 84.8628 -50.8261 112647 3.5687e+06 1
-4.53125 15.829 83.768 -47.4716 112770 3.56318e+06 1
-4.21875 15.7986 82.3036 -44.1671 112812 3.55688e+06 1
-3.90625 15.7841 80.6989 -40.9581 112752 3.55104e+06 1
-3.59375 15.7838 78.9125 -37.8427 112657 3.54756e+06 1
-3.28125 15.7944 76.9067 -34.8212 112532 3.54575e+06 1
-2.96875 15.801 74.9799 -31.8911 112436 3.54404e+06 1
-2.65625 15.7929 73.5468 -28.9567 112451 3.54252e+06 1
-2.34375 15.7698 72.793 -26.0191 112586 3.54143e+06 1
-2.03125 15.7463 72.3757 -23.0667 112751 3.54131e+06 1
-1.71875 15.7306 71.9456 -20.1126 112862 3.54129e+06 1
-1.40625 15.7214 71.2749 -17.1077 112917 3.54085e+06 1
-1.09375 15.7225 70.3502 -13.9859 112877 3.53971e+06 1
-0.78125 15.7317 69.4879 -10.7643 112781 3.53867e+06 1
-0.46875 15.7387 68.7684 -7.40618 112714 3.53805e+06 1
-0.15625 15.7402 68.3711 -3.87974 112676 3.53706e+06 1
0.15625 15.7359 67.9733 -0.147765 112655 3.53523e+06 1
0.46875 15.7257 67.783 3.7342 112658 3.53273e+06 1
0.78125 15.7071 68.0484 7.63149 112742 3.53097e+06 1
1.09375 15.6879 68.8079 11.5483 112855 3.53008e+06 1
1.40625 15.6697 70.0957 15.4222 112958 3.52909e+06 1
1.71875 15.6471 71.6641 19.1458 113088 3.52791e+06 1
2.03125 15.6237 73.4112 22.6952 113229 3.52689e+06 1
2.34375 15.6054 75.3359 26.0976 113337 3.52602e+06 1
2.65625 15.5939 77.2695 29.4035 113412 3.5257e+06 1
2.96875 15.595 78.8555 32.6371 113422 3.52633e+06 1
3.28125 15.6137 79.8648 35.7941 113350 3.52859e+06 1
3.59375 15.6526 80.5619 38.9099 113191 3.53296e+06 1
3.90625 15.7043 81.0555 42.001 112981 3.53875e+06 1
4.21875 15.7638 81.6592 45.0627 112727 3.54494e+06 1
4.53125 15.8254 82.4567 48.205 112449 3.55069e+06 1
4.84375 15.8842 83.2827 51.5083 112187 3.55628e+06 1
5.15625 15.9452 84.0606 54.9093 111983 3.56444e+06 1
5.46875 16.0053 84.688 58.2288 111798 3.57298e+06 1
5.78125 16.045 85.5596 61.1403 111624 3.57671e+06 1
6.09375 16.0803 85.471 63.5861 111289 3.57345e+06 1
6.40625 16.0613 84.269 65.2314 110593 3.54328e+06 1
6.71875 15.9555 78.1514 64.2953 108700 3.44814e+06 1
7.03125 15.5693 58.7343 56.3767 103565 3.17135e+06 1
7.34375 14.5687 6.09937 31.4197 90420.8 2.50145e+06 1
7.65625 12.8321 -76.5682 -22.7687 68161.1 1.49658e+06 1
7.96875 11.6253 -124.297 -62.2435 54571.5 951249 1
8.28125 11.2411 -134.196 -74.9235 51476.1 824668 1
8.59375 11.1592 -133.452 -78.3177 50920.8 801029 1
8.90625 11.1396 -130.671 -79.7424 50791.8 795505 1
9.21875 11.1281 -127.595 -80.8937 50713.2 792194 1
9.53125 11.1142 -124.514 -82.1125 50618.9 788214 1
9.84375 11.0919 -121.555 -83.6766 50471.3 781927 1
10.1562 11.054 -118.791 -85.9016 50226.8 771453 1
10.4688 10.9939 -116.248 -89.0917 49844.4 755060 1
10.7812 10.9072 -113.902 -93.4369 49302.7 731832 1
11.0938 10.8143 -111.485 -98.0149 48729.2 707359 1
11.4062 10.7516 -108.715 -101.134 48347.3 691108 1
11.7188 10.7123 -105.74 -103.12 48108.7 680988 1
12.0312 10.6874 -102.659 -104.388 47957.7 674604 1
12.3438 10.67 -99.5274 -105.259 47852.1 670155 1
12.6562 10.6554 -96.3765 -105.952 47763.6 666430 1
12.9688 10.641 -93.2165 -106.597 47677.7 662796 1
13.2812 10.6255 -90.0549 -107.259 47585.6 658897 1
13.5938 10.6072 -86.9018 -108.031 47477.1 654306 1
13.9062 10.5835 -83.7584 -109.032 47337.5 648394 1
14.2188 10.5513 -80.6089 -110.383 47149.5 640438 1
14.5312 10.5082 -77.4112 -112.179 46899.2 629851 1
14.8438 10.4545 -74.1053 -114.355 46591.2 616825 1
15.1562 10.4093 -70.7618 -116.056 46334.3 605968 1
15.4688 10.3768 -67.478 -117.108 46153.9 598309 1
15.7812 10.351 -64.3304 -117.857 46017.8 592409 1
16.0938 10.3266 -61.3662 -118.576 45900.2 587097 1
16.4062 10.3016 -58.6403 -119.389 45797.6 582096 1
16.7188 10.2736 -56.1249 -120.368 45699.2 576883 1
17.0312 10.2416 -53.7414 -121.567 45582.5 570861 1
17.3438 10.2038 -51.394 -123.066 45426.9 563343 1
17.6562 10.1592 -49.0433 -124.925 45223.9 554060 1
17.9688 10.1197 -46.8072 -126.602 45037.4 545726 1
18.2812 10.094 -44.7987 -127.725 44914.2 540267 1
18.5938 10.0775 -43.0357 -128.503 44836.8 536819 1
18.9062 10.0653 -41.5011 -129.166 44783.3 534352 1
19.2188 10.0545 -40.1827 -129.814 44741.1 532294 1
19.5312 10.0436 -39.0505 -130.521 44704.6 530353 1
19.8438 10.0308 -38.0515 -131.335 44658.8 528010 1
20.1562 10.0134 -37.1312 -132.369 44585.6 524582 1
20.4688 9.98743 -36.2296 -133.792 44463.4 519186 1
20.7812 9.94728 -35.2325 -135.821 44263.4 510617 1
21.0938 9.88961 -34.1204 -138.644 43972.1 498284 1
21.4062 9.82536 -33.0809 -141.731 43649.6 484676 1
21.7188 9.78193 -32.4035 -143.808 43435.3 475614 1
22.0312 9.75621 -32.0444 -145.038 43310.4 470313 1
22.3438 9.74214 -31.9077 -145.705 43243.1 467441 1
22.6562 9.7354 -31.9483 -146.013 43211 466072 1
22.9688 9.73355 -32.1658 -146.082 43202.5 465701 1
23.2812 9.73366 -32.5016 -146.018 43203.1 465725 1
23.5938 9.7361 -32.9182 -145.827 43215.3 466233 1
23.9062 9.74117 -33.3247 -145.499 43240.9 467297 1
24.2188 9.74771 -33.6681 -145.132 43273.9 468671 1
24.5312 9.75163 -33.882 -144.917 43293.7 469491 1
24.8438 9.75167 -33.9582 -144.901 43294 469505 1
25.1562 9.74947 -34.1261 -144.943 43283.4 469054 1
25.4688 9.74964 -34.0499 -144.949 43284.1 469086 1
